6.210290789604187012e-01 5.004466772079467773e-01
6.090025901794433594e-01 5.062636137008666992e-01
6.113765239715576172e-01 4.939234852790832520e-01
6.142464280128479004e-01 5.193291902542114258e-01
6.230239272117614746e-01 4.877416491508483887e-01
6.399582624435424805e-01 5.530318021774291992e-01
6.627765297889709473e-01 4.944157302379608154e-01
6.712934374809265137e-01 6.000547409057617188e-01
7.371023893356323242e-01 5.196752548217773438e-01
7.033707499504089355e-01 6.376894116401672363e-01
6.536353230476379395e-01 5.048451423645019531e-01
7.834779024124145508e-01 5.805940628051757812e-01
7.932586073875427246e-01 5.444463491439819336e-01
8.893144130706787109e-01 5.778855085372924805e-01
8.981695175170898438e-01 5.577930212020874023e-01
9.702268838882446289e-01 5.590034723281860352e-01
9.738561511039733887e-01 5.480559468269348145e-01
