3.875201642513275146e-01 4.113041162490844727e-01
3.810130059719085693e-01 4.164526164531707764e-01
3.813677728176116943e-01 4.049200713634490967e-01
3.820724189281463623e-01 4.237669110298156738e-01
3.829751908779144287e-01 3.931144177913665771e-01
4.129344224929809570e-01 4.382460713386535645e-01
4.175797104835510254e-01 3.816413283348083496e-01
4.667155146598815918e-01 4.598183035850524902e-01
4.699559807777404785e-01 3.598278164863586426e-01
4.749444425106048584e-01 4.377428889274597168e-01
4.765428900718688965e-01 3.785836398601531982e-01
5.101821422576904297e-01 4.375088214874267578e-01
5.240596532821655273e-01 3.938434720039367676e-01
5.795806646347045898e-01 4.168609380722045898e-01
5.838766098022460938e-01 3.888768851757049561e-01
6.731075048446655273e-01 4.153560996055603027e-01
6.760312914848327637e-01 4.075815379619598389e-01
