3.277771174907684326e-01 5.536632537841796875e-01
3.225632607936859131e-01 5.576590299606323242e-01
3.234017491340637207e-01 5.536072254180908203e-01
3.199711143970489502e-01 5.565234422683715820e-01
3.205111026763916016e-01 5.459399223327636719e-01
3.568344712257385254e-01 5.556795597076416016e-01
3.527629077434539795e-01 4.689614474773406982e-01
4.057560861110687256e-01 5.613132119178771973e-01
4.339517056941986084e-01 4.649198651313781738e-01
4.526210725307464600e-01 5.266971588134765625e-01
5.527686476707458496e-01 5.038427114486694336e-01
4.766882359981536865e-01 5.122393965721130371e-01
4.763831794261932373e-01 4.640577733516693115e-01
6.274769902229309082e-01 5.144633650779724121e-01
6.050680279731750488e-01 4.968129992485046387e-01
7.384511828422546387e-01 5.126767754554748535e-01
7.284082174301147461e-01 5.147254467010498047e-01
