5.707292556762695312e-01 4.836387634277343750e-01
5.673175454139709473e-01 4.842141270637512207e-01
5.651032328605651855e-01 4.758920073509216309e-01
5.726511478424072266e-01 4.891267418861389160e-01
5.710558295249938965e-01 4.603457450866699219e-01
6.186794042587280273e-01 5.001398324966430664e-01
6.166326403617858887e-01 4.510557353496551514e-01
6.866518855094909668e-01 5.273126363754272461e-01
6.887934207916259766e-01 4.451250433921813965e-01
6.871756315231323242e-01 5.189886093139648438e-01
6.909884214401245117e-01 4.526433944702148438e-01
7.392493486404418945e-01 5.002127289772033691e-01
7.395205497741699219e-01 4.661717414855957031e-01
8.578168749809265137e-01 5.050249695777893066e-01
8.562135696411132812e-01 4.677591323852539062e-01
9.186186194419860840e-01 5.048168897628784180e-01
9.194101691246032715e-01 4.601439237594604492e-01
