6.114854216575622559e-01 5.181535482406616211e-01
6.026993989944458008e-01 5.204789638519287109e-01
5.999273657798767090e-01 5.095388889312744141e-01
6.037366390228271484e-01 5.322057604789733887e-01
6.016687154769897461e-01 5.002645850181579590e-01
6.434950828552246094e-01 5.566589832305908203e-01
6.447387933731079102e-01 4.959755539894104004e-01
6.845511794090270996e-01 5.837745666503906250e-01
7.098019123077392578e-01 5.093336701393127441e-01
7.570893764495849609e-01 6.093562245368957520e-01
6.463728547096252441e-01 4.972430169582366943e-01
7.766670584678649902e-01 5.633444786071777344e-01
7.834414839744567871e-01 5.249884128570556641e-01
8.872625231742858887e-01 5.494132041931152344e-01
8.954992294311523438e-01 5.366957783699035645e-01
9.633681774139404297e-01 5.400598049163818359e-01
9.691263437271118164e-01 5.289568901062011719e-01
