7.721406221389770508e-01 5.550894737243652344e-01
7.746009230613708496e-01 5.538574457168579102e-01
7.751126289367675781e-01 5.565744638442993164e-01
7.983217239379882812e-01 5.175762176513671875e-01
7.931127548217773438e-01 5.195955038070678711e-01
7.635561227798461914e-01 5.195643901824951172e-01
7.618989348411560059e-01 5.389835238456726074e-01
6.241130828857421875e-01 5.581269264221191406e-01
4.720414578914642334e-01 2.260634601116180420e-01
6.047698259353637695e-01 5.632536411285400391e-01
4.272026717662811279e-01 5.278480052947998047e-02
5.273381471633911133e-01 4.837281405925750732e-01
5.276445746421813965e-01 4.820985496044158936e-01
6.312002539634704590e-01 5.544419288635253906e-01
5.763567090034484863e-01 4.693587422370910645e-01
6.051035523414611816e-01 5.631988048553466797e-01
5.640511512756347656e-01 4.594902694225311279e-01
