4.245405197143554688e-01 2.331135571002960205e-01
4.138078391551971436e-01 2.356477975845336914e-01
4.170456528663635254e-01 2.318213880062103271e-01
4.188908338546752930e-01 2.418668568134307861e-01
4.188618361949920654e-01 2.312674373388290405e-01
4.575421810150146484e-01 2.600650787353515625e-01
4.660757184028625488e-01 2.314720153808593750e-01
4.803729653358459473e-01 2.813321053981781006e-01
5.055081844329833984e-01 2.457957118749618530e-01
4.755086302757263184e-01 2.970877289772033691e-01
4.424442052841186523e-01 2.537165284156799316e-01
5.979860424995422363e-01 2.662809491157531738e-01
6.016710996627807617e-01 2.491974681615829468e-01
7.108570337295532227e-01 2.759414017200469971e-01
7.155298590660095215e-01 2.704372107982635498e-01
8.297026157379150391e-01 2.880494594573974609e-01
8.292762041091918945e-01 2.854309082031250000e-01
