4.303562641143798828e-01 3.852874636650085449e-01
4.641993045806884766e-01 3.554491996765136719e-01
4.649274051189422607e-01 3.571865260601043701e-01
4.621297121047973633e-01 3.638567924499511719e-01
4.298901259899139404e-01 3.784913718700408936e-01
4.940224885940551758e-01 3.402084708213806152e-01
4.899255037307739258e-01 3.554888963699340820e-01
5.263226032257080078e-01 3.385588824748992920e-01
5.220379233360290527e-01 3.644466400146484375e-01
5.769874453544616699e-01 3.495434224605560303e-01
5.601011514663696289e-01 3.587753474712371826e-01
5.717927813529968262e-01 3.439536988735198975e-01
5.729904174804687500e-01 3.559631109237670898e-01
6.410118341445922852e-01 3.491766154766082764e-01
6.407368183135986328e-01 3.537933528423309326e-01
7.436494827270507812e-01 3.372481763362884521e-01
7.452917098999023438e-01 3.431526422500610352e-01
