3.923121690750122070e-01 5.225040316581726074e-01
3.880941569805145264e-01 5.320149660110473633e-01
3.846332430839538574e-01 5.197439789772033691e-01
3.947756290435791016e-01 5.392732620239257812e-01
3.873973488807678223e-01 5.128867626190185547e-01
4.262244403362274170e-01 5.398854017257690430e-01
3.995676636695861816e-01 4.835472702980041504e-01
3.804826736450195312e-01 5.192182660102844238e-01
3.398507535457611084e-01 4.810825586318969727e-01
3.562806546688079834e-01 5.227958559989929199e-01
2.581489086151123047e-01 4.640139043331146240e-01
5.463695526123046875e-01 4.773492515087127686e-01
5.336815118789672852e-01 4.389888048171997070e-01
6.839284896850585938e-01 4.580226540565490723e-01
6.767472624778747559e-01 4.254498183727264404e-01
8.174046874046325684e-01 4.636389017105102539e-01
8.028948307037353516e-01 4.105546176433563232e-01
