4.483397006988525391e-01 4.930463433265686035e-01
4.391599595546722412e-01 4.945956468582153320e-01
4.407177865505218506e-01 4.906354844570159912e-01
4.397606849670410156e-01 5.115407705307006836e-01
4.345909357070922852e-01 4.924426674842834473e-01
4.513754248619079590e-01 5.431198477745056152e-01
4.506059587001800537e-01 4.945641756057739258e-01
4.728050231933593750e-01 5.849592089653015137e-01
4.968104362487792969e-01 5.150995850563049316e-01
5.609387755393981934e-01 6.243360638618469238e-01
5.692816376686096191e-01 4.847817420959472656e-01
5.598510503768920898e-01 5.193042159080505371e-01
5.616989135742187500e-01 4.979168772697448730e-01
6.970581412315368652e-01 5.113980770111083984e-01
6.724524497985839844e-01 5.061987638473510742e-01
8.003145456314086914e-01 5.237249732017517090e-01
7.703362703323364258e-01 5.154635906219482422e-01
