5.308578610420227051e-01 4.612694680690765381e-01
5.344064235687255859e-01 4.663297832012176514e-01
5.238916873931884766e-01 4.419515728950500488e-01
5.483460426330566406e-01 4.674963355064392090e-01
5.592286586761474609e-01 4.201797842979431152e-01
5.513931512832641602e-01 4.792785048484802246e-01
5.587190389633178711e-01 4.205768108367919922e-01
5.108728408813476562e-01 4.799296259880065918e-01
5.151854157447814941e-01 3.178155720233917236e-01
5.442866086959838867e-01 4.563329219818115234e-01
3.457807004451751709e-01 2.618600130081176758e-01
6.133434176445007324e-01 4.437998235225677490e-01
6.123851537704467773e-01 3.991349637508392334e-01
7.578362226486206055e-01 4.195144176483154297e-01
7.498852610588073730e-01 3.743095397949218750e-01
8.956463336944580078e-01 3.972901105880737305e-01
8.970047235488891602e-01 3.491075634956359863e-01
