4.597840905189514160e-01 4.508454501628875732e-01
4.511901736259460449e-01 4.482274651527404785e-01
4.519990086555480957e-01 4.543907046318054199e-01
4.504844546318054199e-01 4.754061698913574219e-01
4.568647146224975586e-01 4.537343978881835938e-01
5.154862403869628906e-01 4.528496861457824707e-01
5.072427392005920410e-01 4.586049020290374756e-01
6.141699552536010742e-01 4.541152119636535645e-01
5.971137881278991699e-01 4.651568531990051270e-01
6.468045711517333984e-01 4.306955337524414062e-01
6.309570074081420898e-01 4.206880927085876465e-01
6.854405403137207031e-01 4.501633644104003906e-01
6.848728656768798828e-01 4.417862296104431152e-01
8.210217952728271484e-01 4.384033679962158203e-01
8.175981044769287109e-01 4.221341013908386230e-01
9.475681185722351074e-01 4.448893964290618896e-01
9.520065188407897949e-01 4.272878766059875488e-01
