4.112146794795989990e-01 4.879833459854125977e-01
4.026045501232147217e-01 4.913237690925598145e-01
4.027627408504486084e-01 4.825074374675750732e-01
4.127565324306488037e-01 4.997417330741882324e-01
4.113290011882781982e-01 4.804496765136718750e-01
4.429456591606140137e-01 5.145797729492187500e-01
4.598154425621032715e-01 4.592076539993286133e-01
3.831319510936737061e-01 5.556670427322387695e-01
5.224196314811706543e-01 4.635412693023681641e-01
3.336448669433593750e-01 6.158576011657714844e-01
5.642190575599670410e-01 4.699611067771911621e-01
5.809351801872253418e-01 4.892682731151580811e-01
5.827597975730895996e-01 4.566385746002197266e-01
6.973167657852172852e-01 4.840571880340576172e-01
7.010127305984497070e-01 4.665333032608032227e-01
8.077774047851562500e-01 4.719631373882293701e-01
8.102626800537109375e-01 4.643044173717498779e-01
