5.469449758529663086e-01 4.744686782360076904e-01
5.412981510162353516e-01 4.760990142822265625e-01
5.429158210754394531e-01 4.725896120071411133e-01
5.409258604049682617e-01 4.757050275802612305e-01
5.452367663383483887e-01 4.641623497009277344e-01
5.676394104957580566e-01 4.728164672851562500e-01
5.711311101913452148e-01 4.583103060722351074e-01
6.098464727401733398e-01 4.836548566818237305e-01
6.065640449523925781e-01 4.688392281532287598e-01
6.233980655670166016e-01 4.756754338741302490e-01
6.291717886924743652e-01 4.615554213523864746e-01
6.382865905761718750e-01 4.806757569313049316e-01
6.396839618682861328e-01 4.718098640441894531e-01
7.262986898422241211e-01 4.791430234909057617e-01
7.267967462539672852e-01 4.874959588050842285e-01
7.550501823425292969e-01 4.789649248123168945e-01
7.531301975250244141e-01 4.868031144142150879e-01
