4.333483874797821045e-01 4.413923025131225586e-01
4.209773242473602295e-01 4.458131790161132812e-01
4.287714958190917969e-01 4.381366372108459473e-01
4.180773198604583740e-01 4.541527926921844482e-01
4.318159222602844238e-01 4.407117068767547607e-01
4.359168410301208496e-01 4.829381704330444336e-01
4.868837594985961914e-01 4.396114349365234375e-01
3.601151406764984131e-01 5.008015036582946777e-01
5.467423796653747559e-01 4.700476527214050293e-01
3.020448088645935059e-01 5.460228919982910156e-01
5.738274455070495605e-01 4.900460839271545410e-01
5.569390654563903809e-01 4.954225420951843262e-01
5.762475728988647461e-01 4.712753891944885254e-01
6.547587513923645020e-01 5.233561992645263672e-01
6.894655227661132812e-01 4.815656542778015137e-01
7.152847647666931152e-01 5.454399585723876953e-01
8.112655878067016602e-01 4.927862286567687988e-01
