4.400362670421600342e-01 3.893580138683319092e-01
4.310284554958343506e-01 3.988952338695526123e-01
4.332370758056640625e-01 3.836851716041564941e-01
4.280495345592498779e-01 4.097809493541717529e-01
4.375524520874023438e-01 3.699607253074645996e-01
4.585525393486022949e-01 4.098615646362304688e-01
4.710646867752075195e-01 3.477982282638549805e-01
5.024582147598266602e-01 4.579404592514038086e-01
5.163922905921936035e-01 3.382924199104309082e-01
5.348608493804931641e-01 4.152369201183319092e-01
5.508095026016235352e-01 3.688336312770843506e-01
5.555932521820068359e-01 3.937345445156097412e-01
5.665488243103027344e-01 3.578348159790039062e-01
6.139952540397644043e-01 3.918648362159729004e-01
6.247518062591552734e-01 3.767694234848022461e-01
6.920633316040039062e-01 3.984573781490325928e-01
6.903979778289794922e-01 3.928661346435546875e-01
