6.034799218177795410e-01 4.845542907714843750e-01
5.959808230400085449e-01 4.850180149078369141e-01
5.953933000564575195e-01 4.809350371360778809e-01
5.969420075416564941e-01 4.903076887130737305e-01
5.971080064773559570e-01 4.801227450370788574e-01
6.302936077117919922e-01 5.033664703369140625e-01
6.421555280685424805e-01 4.804170727729797363e-01
5.665156841278076172e-01 5.565868616104125977e-01
5.958415865898132324e-01 5.453617572784423828e-01
5.024662017822265625e-01 5.836507678031921387e-01
5.375336408615112305e-01 5.528492927551269531e-01
7.538855075836181641e-01 5.230706334114074707e-01
7.654601931571960449e-01 5.213120579719543457e-01
7.729388475418090820e-01 5.166331529617309570e-01
7.577675580978393555e-01 5.122027993202209473e-01
9.624559283256530762e-01 5.145368576049804688e-01
9.679006934165954590e-01 5.176244974136352539e-01
