3.954682052135467529e-01 4.323571622371673584e-01
3.873352408409118652e-01 4.345617890357971191e-01
3.894438147544860840e-01 4.279084205627441406e-01
3.899446129798889160e-01 4.363951385021209717e-01
3.913809061050415039e-01 4.183636903762817383e-01
4.289954900741577148e-01 4.460709095001220703e-01
4.347749948501586914e-01 4.093257784843444824e-01
4.774886071681976318e-01 4.434825778007507324e-01
4.615384936332702637e-01 3.958515524864196777e-01
3.506823778152465820e-01 3.963523805141448975e-01
4.510266780853271484e-01 3.940884470939636230e-01
5.646668672561645508e-01 4.512515962123870850e-01
5.722159147262573242e-01 4.267623424530029297e-01
6.596312522888183594e-01 4.598006606101989746e-01
6.677882075309753418e-01 4.500544667243957520e-01
7.743117213249206543e-01 4.681376218795776367e-01
7.763320803642272949e-01 4.555887877941131592e-01
