4.575849771499633789e-01 3.301895558834075928e-01
4.502387940883636475e-01 3.296119570732116699e-01
4.481461644172668457e-01 3.334636688232421875e-01
4.559743106365203857e-01 3.229548037052154541e-01
4.554986357688903809e-01 3.152284324169158936e-01
5.023307800292968750e-01 3.179211318492889404e-01
5.045108795166015625e-01 3.111515045166015625e-01
5.493105649948120117e-01 2.968092560768127441e-01
5.512418746948242188e-01 2.904400229454040527e-01
5.355688333511352539e-01 2.596412897109985352e-01
5.333683490753173828e-01 2.427159547805786133e-01
6.483860015869140625e-01 3.223790824413299561e-01
6.492781043052673340e-01 3.278970420360565186e-01
7.504429221153259277e-01 3.169539570808410645e-01
7.559509277343750000e-01 3.367557525634765625e-01
8.662129640579223633e-01 3.225520253181457520e-01
8.700298666954040527e-01 3.332955837249755859e-01
