4.733212888240814209e-01 3.336921930313110352e-01
4.663556218147277832e-01 3.304879963397979736e-01
4.684654474258422852e-01 3.360270857810974121e-01
4.750102460384368896e-01 3.074597716331481934e-01
4.752314090728759766e-01 3.304915726184844971e-01
5.151205658912658691e-01 2.970953881740570068e-01
5.168638825416564941e-01 3.304468989372253418e-01
5.499363541603088379e-01 2.730624377727508545e-01
5.628638267517089844e-01 3.465723991394042969e-01
5.391664505004882812e-01 2.435537278652191162e-01
5.354994535446166992e-01 3.910101652145385742e-01
6.544235944747924805e-01 3.108469843864440918e-01
6.543101072311401367e-01 3.334120213985443115e-01
7.678911685943603516e-01 3.169775307178497314e-01
7.669475078582763672e-01 3.500851392745971680e-01
8.867030143737792969e-01 3.022639453411102295e-01
8.794412612915039062e-01 3.557127714157104492e-01
