4.216080904006958008e-01 3.654515445232391357e-01
4.156765937805175781e-01 3.630374670028686523e-01
4.162247776985168457e-01 3.718933761119842529e-01
4.127597212791442871e-01 3.532707095146179199e-01
4.167289435863494873e-01 3.766494691371917725e-01
4.426970183849334717e-01 3.363670110702514648e-01
4.514040946960449219e-01 3.754759728908538818e-01
4.914832115173339844e-01 3.205494284629821777e-01
5.002838969230651855e-01 3.728936612606048584e-01
5.387345552444458008e-01 3.365128934383392334e-01
5.403316020965576172e-01 3.761366009712219238e-01
5.468947887420654297e-01 3.349921405315399170e-01
5.472642183303833008e-01 3.635869622230529785e-01
6.405217051506042480e-01 3.432119786739349365e-01
6.424622535705566406e-01 3.583073019981384277e-01
7.317651510238647461e-01 3.369936645030975342e-01
7.368442416191101074e-01 3.472492098808288574e-01
