4.258900582790374756e-01 5.365539193153381348e-01
4.244564473628997803e-01 5.423669815063476562e-01
4.253275990486145020e-01 5.326192378997802734e-01
4.466121792793273926e-01 5.489209294319152832e-01
4.460617899894714355e-01 5.303272008895874023e-01
4.848395287990570068e-01 5.502829551696777344e-01
4.704651236534118652e-01 5.286986827850341797e-01
4.326509237289428711e-01 5.491249561309814453e-01
4.250695109367370605e-01 5.307279229164123535e-01
4.124343991279602051e-01 5.391656756401062012e-01
4.127018153667449951e-01 5.376658439636230469e-01
5.774534344673156738e-01 5.617277026176452637e-01
5.800868868827819824e-01 5.465008020401000977e-01
6.904732584953308105e-01 5.756639242172241211e-01
6.502009034156799316e-01 5.577042102813720703e-01
7.553762793540954590e-01 5.911823511123657227e-01
7.409597635269165039e-01 5.880032777786254883e-01
