4.612712264060974121e-01 5.612357854843139648e-01
4.568368792533874512e-01 5.579841136932373047e-01
4.581836163997650146e-01 5.601592659950256348e-01
4.586509168148040771e-01 5.587038397789001465e-01
4.599320590496063232e-01 5.625158548355102539e-01
4.985508322715759277e-01 5.690265893936157227e-01
4.905425012111663818e-01 5.812141299247741699e-01
5.556327104568481445e-01 5.534678697586059570e-01
5.370359420776367188e-01 5.707123279571533203e-01
5.710313916206359863e-01 5.652191042900085449e-01
5.584930181503295898e-01 5.694711208343505859e-01
6.079574823379516602e-01 5.582777261734008789e-01
6.078475713729858398e-01 5.561915040016174316e-01
7.151439189910888672e-01 5.594657063484191895e-01
7.156376242637634277e-01 5.493730902671813965e-01
7.911879420280456543e-01 6.138050556182861328e-01
7.890600562095642090e-01 6.090078353881835938e-01
