3.611287474632263184e-01 4.375955760478973389e-01
3.526942729949951172e-01 4.454255700111389160e-01
3.530195653438568115e-01 4.357586801052093506e-01
3.606035709381103516e-01 4.521955847740173340e-01
3.566105365753173828e-01 4.326184391975402832e-01
4.106132388114929199e-01 4.629875421524047852e-01
4.124552011489868164e-01 4.104818105697631836e-01
4.857788681983947754e-01 4.714853167533874512e-01
4.830368161201477051e-01 4.115154147148132324e-01
5.057740211486816406e-01 4.641620516777038574e-01
4.895392358303070068e-01 4.181027412414550781e-01
5.655866265296936035e-01 4.488779902458190918e-01
5.707113742828369141e-01 4.173828959465026855e-01
6.660416126251220703e-01 4.389821290969848633e-01
6.724402904510498047e-01 4.166652560234069824e-01
7.768641710281372070e-01 4.110903739929199219e-01
7.869288921356201172e-01 3.829110264778137207e-01
