3.265047371387481689e-01 6.188766956329345703e-01
3.101109862327575684e-01 6.303766369819641113e-01
3.081540763378143311e-01 6.042781472206115723e-01
3.275521993637084961e-01 6.441347002983093262e-01
3.253524601459503174e-01 5.849814414978027344e-01
4.185098409652709961e-01 6.495864391326904297e-01
4.149076640605926514e-01 5.304623842239379883e-01
5.012472867965698242e-01 6.719330549240112305e-01
5.157379508018493652e-01 5.033316016197204590e-01
5.476235747337341309e-01 6.682288646697998047e-01
5.644297003746032715e-01 4.932295978069305420e-01
5.873368978500366211e-01 5.525006651878356934e-01
5.906434059143066406e-01 5.178956389427185059e-01
7.324934005737304688e-01 5.432339310646057129e-01
7.324959635734558105e-01 5.344148874282836914e-01
8.975934982299804688e-01 5.446147918701171875e-01
8.951956033706665039e-01 5.415917634963989258e-01
