3.524039387702941895e-01 5.619140863418579102e-01
3.417233228683471680e-01 5.713484287261962891e-01
3.430480659008026123e-01 5.451723337173461914e-01
3.544778227806091309e-01 5.838663578033447266e-01
3.531475663185119629e-01 5.283526182174682617e-01
4.164304733276367188e-01 6.062198877334594727e-01
4.216180443763732910e-01 5.042436122894287109e-01
4.916549623012542725e-01 6.251536011695861816e-01
5.099154710769653320e-01 4.629321098327636719e-01
5.399843454360961914e-01 6.249553561210632324e-01
5.572086572647094727e-01 4.354965090751647949e-01
5.692788958549499512e-01 5.552929043769836426e-01
5.712128877639770508e-01 4.835508763790130615e-01
6.954742670059204102e-01 5.387495756149291992e-01
7.019075155258178711e-01 4.755581021308898926e-01
8.046348094940185547e-01 6.933246850967407227e-01
8.229249715805053711e-01 5.062417984008789062e-01
