2.720412611961364746e-01 4.809414744377136230e-01
2.607523798942565918e-01 4.982138276100158691e-01
2.592659890651702881e-01 4.725217521190643311e-01
2.770600020885467529e-01 5.118215084075927734e-01
2.751342058181762695e-01 4.582887291908264160e-01
3.266334533691406250e-01 5.183176994323730469e-01
3.613294064998626709e-01 4.431295394897460938e-01
2.801752090454101562e-01 5.829802751541137695e-01
4.466155767440795898e-01 4.027922153472900391e-01
2.216244339942932129e-01 6.088778376579284668e-01
5.046521425247192383e-01 3.459681868553161621e-01
5.512582063674926758e-01 4.899742603302001953e-01
5.541908740997314453e-01 4.355226159095764160e-01
7.162358760833740234e-01 4.578871428966522217e-01
7.026512622833251953e-01 3.963428139686584473e-01
8.387086391448974609e-01 4.438582062721252441e-01
8.439037799835205078e-01 3.655735254287719727e-01
