4.047467112541198730e-01 5.270541310310363770e-01
3.936491906642913818e-01 5.249217152595520020e-01
3.945229053497314453e-01 5.244075655937194824e-01
4.032410085201263428e-01 5.189213156700134277e-01
4.011281430721282959e-01 5.178009271621704102e-01
4.401217103004455566e-01 5.253289937973022461e-01
4.348549842834472656e-01 5.073801279067993164e-01
4.139895141124725342e-01 5.318682193756103516e-01
4.122173786163330078e-01 5.223627686500549316e-01
3.801165819168090820e-01 5.209793448448181152e-01
3.799422979354858398e-01 5.146098732948303223e-01
5.289862155914306641e-01 5.066208243370056152e-01
5.287515521049499512e-01 4.989861249923706055e-01
6.486465930938720703e-01 4.989933967590332031e-01
6.463968753814697266e-01 5.031245350837707520e-01
7.301453351974487305e-01 5.029188394546508789e-01
7.278113365173339844e-01 5.042842626571655273e-01
