7.573803663253784180e-01 5.219218730926513672e-01
7.753751277923583984e-01 5.175504088401794434e-01
7.739135622978210449e-01 5.197076797485351562e-01
7.944250106811523438e-01 5.149534940719604492e-01
7.790284156799316406e-01 5.173516869544982910e-01
7.768841981887817383e-01 5.017101168632507324e-01
7.546789646148681641e-01 5.081480741500854492e-01
6.398618221282958984e-01 5.429073572158813477e-01
6.403909921646118164e-01 5.504272580146789551e-01
6.123657226562500000e-01 5.716252326965332031e-01
6.034548282623291016e-01 5.745919942855834961e-01
5.615816712379455566e-01 4.964935183525085449e-01
5.577915906906127930e-01 4.942270219326019287e-01
6.323569416999816895e-01 5.386376976966857910e-01
6.030439734458923340e-01 4.452973008155822754e-01
5.412594079971313477e-01 4.730648994445800781e-01
5.381290316581726074e-01 4.550592601299285889e-01
