5.596778392791748047e-01 4.655819535255432129e-01
5.493594408035278320e-01 4.743285179138183594e-01
5.501688718795776367e-01 4.588086605072021484e-01
5.474622249603271484e-01 4.788753986358642578e-01
5.486800074577331543e-01 4.509633779525756836e-01
5.855460166931152344e-01 4.928587079048156738e-01
5.895879268646240234e-01 4.356945157051086426e-01
6.595623493194580078e-01 4.987759590148925781e-01
6.615573167800903320e-01 4.327704906463623047e-01
7.091052532196044922e-01 5.171145200729370117e-01
6.648753881454467773e-01 4.394699335098266602e-01
7.009918689727783203e-01 4.766697883605957031e-01
7.016469240188598633e-01 4.425714612007141113e-01
8.209335207939147949e-01 4.760577082633972168e-01
8.241565227508544922e-01 4.450722634792327881e-01
9.095273017883300781e-01 4.949224591255187988e-01
9.156519770622253418e-01 4.459676444530487061e-01
