5.532585382461547852e-01 4.704101085662841797e-01
5.438463687896728516e-01 4.706853628158569336e-01
5.441827178001403809e-01 4.682927727699279785e-01
5.402305126190185547e-01 4.659098982810974121e-01
5.407195687294006348e-01 4.589879214763641357e-01
5.790803432464599609e-01 4.644334912300109863e-01
5.818090438842773438e-01 4.473771452903747559e-01
6.673574447631835938e-01 4.601831138134002686e-01
6.686702966690063477e-01 4.469048380851745605e-01
7.011029720306396484e-01 4.551905095577239990e-01
7.036184668540954590e-01 4.457036256790161133e-01
6.967676877975463867e-01 4.604712128639221191e-01
6.999977827072143555e-01 4.470331370830535889e-01
7.876459360122680664e-01 4.713549613952636719e-01
8.022614717483520508e-01 4.651150703430175781e-01
9.028284549713134766e-01 4.938866496086120605e-01
9.065427780151367188e-01 4.687842726707458496e-01
