3.024521768093109131e-01 5.758145451545715332e-01
2.851578891277313232e-01 5.848640203475952148e-01
2.901542782783508301e-01 5.600525140762329102e-01
2.945968508720397949e-01 6.031916737556457520e-01
3.024087250232696533e-01 5.450368523597717285e-01
3.832766711711883545e-01 6.256700158119201660e-01
3.881591558456420898e-01 5.355852842330932617e-01
4.902271926403045654e-01 6.757335066795349121e-01
4.850002229213714600e-01 5.130094289779663086e-01
5.152539014816284180e-01 6.599080562591552734e-01
5.658923387527465820e-01 5.057433843612670898e-01
5.625970363616943359e-01 6.374799013137817383e-01
5.703665018081665039e-01 5.645855069160461426e-01
6.764094829559326172e-01 6.799902319908142090e-01
7.385385036468505859e-01 5.672884583473205566e-01
8.442957401275634766e-01 6.762646436691284180e-01
8.619913458824157715e-01 6.157473325729370117e-01
