5.467113256454467773e-01 4.976850748062133789e-01
5.326285362243652344e-01 5.051238536834716797e-01
5.368618965148925781e-01 4.878074526786804199e-01
5.357440710067749023e-01 5.101014375686645508e-01
5.426108837127685547e-01 4.715679585933685303e-01
5.709912776947021484e-01 5.198417901992797852e-01
5.879405736923217773e-01 4.531947374343872070e-01
6.084217429161071777e-01 4.933452308177947998e-01
6.402130722999572754e-01 4.138236641883850098e-01
5.315194725990295410e-01 5.038927197456359863e-01
6.929904222488403320e-01 3.903342485427856445e-01
7.278348207473754883e-01 4.983384013175964355e-01
7.295026779174804688e-01 4.565134644508361816e-01
8.423250913619995117e-01 4.962308406829833984e-01
8.413791656494140625e-01 4.573040604591369629e-01
9.263333082199096680e-01 5.185472369194030762e-01
9.216370582580566406e-01 4.439512491226196289e-01
