3.982189893722534180e-01 4.832665324211120605e-01
3.930481076240539551e-01 4.886478781700134277e-01
3.963665664196014404e-01 4.628392159938812256e-01
3.718443810939788818e-01 5.046563148498535156e-01
3.773061931133270264e-01 4.350115060806274414e-01
4.098435342311859131e-01 4.974996447563171387e-01
4.119544923305511475e-01 4.096481800079345703e-01
4.600155055522918701e-01 4.932571053504943848e-01
4.266262948513031006e-01 3.990740478038787842e-01
5.229982137680053711e-01 4.862501323223114014e-01
5.627473592758178711e-01 4.782844781875610352e-01
5.360865592956542969e-01 4.818308949470520020e-01
5.204650163650512695e-01 4.230262041091918945e-01
7.149714231491088867e-01 4.962587058544158936e-01
7.337743639945983887e-01 4.797514081001281738e-01
7.339181900024414062e-01 4.866299033164978027e-01
7.128293514251708984e-01 4.767301082611083984e-01
