5.103799104690551758e-01 4.709572196006774902e-01
4.941956996917724609e-01 4.605747461318969727e-01
4.932715892791748047e-01 4.604726433753967285e-01
5.019025802612304688e-01 4.530159831047058105e-01
4.996064305305480957e-01 4.502913355827331543e-01
5.667886137962341309e-01 4.405380487442016602e-01
5.330366492271423340e-01 4.476995170116424561e-01
4.539958834648132324e-01 4.628657102584838867e-01
4.122032523155212402e-01 4.686544537544250488e-01
2.932919263839721680e-01 4.672795236110687256e-01
2.845383882522583008e-01 4.691693484783172607e-01
7.046832442283630371e-01 4.540201425552368164e-01
7.029957175254821777e-01 4.648565948009490967e-01
8.729581236839294434e-01 4.864846169948577881e-01
8.727678656578063965e-01 4.904619455337524414e-01
9.811491966247558594e-01 4.981735348701477051e-01
9.978747367858886719e-01 4.987312257289886475e-01
