5.889592170715332031e-01 4.943358600139617920e-01
5.826246738433837891e-01 4.961259067058563232e-01
5.761885643005371094e-01 4.848001599311828613e-01
5.894080400466918945e-01 5.043072700500488281e-01
5.865043401718139648e-01 4.737206697463989258e-01
6.313235759735107422e-01 5.221380591392517090e-01
6.356398463249206543e-01 4.550427794456481934e-01
5.881367921829223633e-01 5.867795944213867188e-01
6.320207118988037109e-01 4.476087987422943115e-01
5.733950734138488770e-01 6.083340644836425781e-01
5.578176975250244141e-01 4.705634713172912598e-01
7.693566083908081055e-01 5.324560403823852539e-01
7.750300765037536621e-01 5.039727687835693359e-01
8.862577676773071289e-01 5.315887928009033203e-01
8.956134319305419922e-01 5.283977389335632324e-01
9.456662535667419434e-01 5.220167636871337891e-01
9.555212259292602539e-01 5.214531421661376953e-01
