3.703256845474243164e-01 4.218459129333496094e-01
3.645102381706237793e-01 4.297512471675872803e-01
3.611836135387420654e-01 4.178342521190643311e-01
3.661405742168426514e-01 4.410195052623748779e-01
3.622185885906219482e-01 4.128782153129577637e-01
4.162869453430175781e-01 4.538669586181640625e-01
4.167433977127075195e-01 3.994797468185424805e-01
4.940136373043060303e-01 4.685915708541870117e-01
4.740472733974456787e-01 3.902239799499511719e-01
5.494612455368041992e-01 4.646587073802947998e-01
4.818732440471649170e-01 4.093145132064819336e-01
5.611757636070251465e-01 4.387564659118652344e-01
5.666505098342895508e-01 4.054724872112274170e-01
6.673210859298706055e-01 4.347158670425415039e-01
6.740040779113769531e-01 3.967662453651428223e-01
7.909224033355712891e-01 4.165101945400238037e-01
7.936421632766723633e-01 3.910685479640960693e-01
