4.473462998867034912e-01 4.571778774261474609e-01
4.353067278861999512e-01 4.531845450401306152e-01
4.363387525081634521e-01 4.490329027175903320e-01
4.446806311607360840e-01 4.407901167869567871e-01
4.455826282501220703e-01 4.325031638145446777e-01
5.070215463638305664e-01 4.322309494018554688e-01
4.859329164028167725e-01 4.392245709896087646e-01
5.961295962333679199e-01 4.381564557552337646e-01
4.209789931774139404e-01 4.730977416038513184e-01
6.272474527359008789e-01 4.602593779563903809e-01
3.304236531257629395e-01 5.152149200439453125e-01
6.685327291488647461e-01 4.200376868247985840e-01
6.636911034584045410e-01 4.227409958839416504e-01
8.360225558280944824e-01 4.059890210628509521e-01
8.396166563034057617e-01 4.082621335983276367e-01
9.802838563919067383e-01 3.810060918331146240e-01
9.827097654342651367e-01 3.786230087280273438e-01
