4.505181014537811279e-01 5.197601914405822754e-01
4.507091045379638672e-01 5.184674859046936035e-01
4.519983530044555664e-01 5.156097412109375000e-01
4.417703151702880859e-01 4.923300743103027344e-01
4.427787959575653076e-01 4.906287193298339844e-01
4.632702469825744629e-01 5.194512605667114258e-01
4.427847266197204590e-01 4.952747821807861328e-01
5.003607273101806641e-01 5.328942537307739258e-01
4.862030446529388428e-01 5.157444477081298828e-01
5.082674026489257812e-01 5.264667272567749023e-01
5.053983926773071289e-01 5.220977067947387695e-01
5.048137307167053223e-01 5.435429811477661133e-01
5.050216317176818848e-01 5.238434076309204102e-01
6.077066659927368164e-01 5.726121664047241211e-01
5.943276882171630859e-01 5.556790828704833984e-01
6.589611172676086426e-01 5.676929354667663574e-01
6.568537354469299316e-01 5.601859092712402344e-01
