5.682346820831298828e-01 4.247562289237976074e-01
5.763497352600097656e-01 4.155475795269012451e-01
5.746996998786926270e-01 4.507275521755218506e-01
6.137998104095458984e-01 4.173327684402465820e-01
6.016823053359985352e-01 4.558154344558715820e-01
5.979727506637573242e-01 3.813439607620239258e-01
5.946788191795349121e-01 4.933523535728454590e-01
6.125787496566772461e-01 3.666302561759948730e-01
6.064551472663879395e-01 5.106831789016723633e-01
6.105885505676269531e-01 3.962031006813049316e-01
5.736247301101684570e-01 4.910867214202880859e-01
4.625193774700164795e-01 4.289987981319427490e-01
4.691142439842224121e-01 4.725807309150695801e-01
4.308055341243743896e-01 3.481361567974090576e-01
4.627300202846527100e-01 4.209195375442504883e-01
5.127779245376586914e-01 5.053788423538208008e-01
5.136669278144836426e-01 5.073579549789428711e-01
