6.099710464477539062e-01 5.266020894050598145e-01
5.978959798812866211e-01 5.319651365280151367e-01
5.995628237724304199e-01 5.191038846969604492e-01
6.013623476028442383e-01 5.386154055595397949e-01
6.033565998077392578e-01 5.038698911666870117e-01
6.453343629837036133e-01 5.544438362121582031e-01
6.461248397827148438e-01 4.974822402000427246e-01
7.089060544967651367e-01 5.679234862327575684e-01
6.948694586753845215e-01 5.044530630111694336e-01
7.630783319473266602e-01 5.904440879821777344e-01
6.415226459503173828e-01 4.994356036186218262e-01
7.789037227630615234e-01 5.430986881256103516e-01
7.852575778961181641e-01 5.123459100723266602e-01
8.834473490715026855e-01 5.308500528335571289e-01
8.966562151908874512e-01 5.220717191696166992e-01
9.646315574645996094e-01 5.081915259361267090e-01
9.759184718132019043e-01 5.046070814132690430e-01
