4.659845829010009766e-01 4.538297653198242188e-01
4.525440633296966553e-01 4.547236561775207520e-01
4.592455327510833740e-01 4.415915012359619141e-01
4.679298996925354004e-01 4.636679589748382568e-01
4.786031246185302734e-01 4.370903372764587402e-01
5.082947015762329102e-01 4.902223348617553711e-01
5.350157618522644043e-01 4.604691267013549805e-01
3.698345124721527100e-01 5.146960616111755371e-01
6.350510120391845703e-01 5.077399015426635742e-01
2.565422058105468750e-01 5.176848173141479492e-01
4.990698695182800293e-01 4.499526619911193848e-01
6.719576716423034668e-01 5.492905974388122559e-01
6.857766509056091309e-01 5.276671648025512695e-01
8.390036821365356445e-01 5.916075110435485840e-01
8.428069353103637695e-01 5.822063684463500977e-01
9.869367480278015137e-01 6.204276680946350098e-01
9.892568588256835938e-01 5.914233922958374023e-01
