5.854699611663818359e-01 4.983642101287841797e-01
5.739439725875854492e-01 5.059363842010498047e-01
5.723230838775634766e-01 4.936755597591400146e-01
5.953547358512878418e-01 5.200825929641723633e-01
5.879977345466613770e-01 4.830962121486663818e-01
6.297925710678100586e-01 5.185751318931579590e-01
6.262038350105285645e-01 4.648117721080780029e-01
6.221206188201904297e-01 5.261333584785461426e-01
6.372735500335693359e-01 4.314808845520019531e-01
5.469567775726318359e-01 4.862172603607177734e-01
5.556831955909729004e-01 4.780107140541076660e-01
7.481521368026733398e-01 4.994347095489501953e-01
7.428812980651855469e-01 4.879026114940643311e-01
8.229811191558837891e-01 5.043598413467407227e-01
8.177263736724853516e-01 5.089964866638183594e-01
9.499134421348571777e-01 4.843280017375946045e-01
7.922217249870300293e-01 5.117411613464355469e-01
