6.049059629440307617e-01 4.861384034156799316e-01
5.949414372444152832e-01 4.877412915229797363e-01
5.926916599273681641e-01 4.834449887275695801e-01
6.029142737388610840e-01 4.894216656684875488e-01
5.994176864624023438e-01 4.751701354980468750e-01
6.243470907211303711e-01 5.066126585006713867e-01
6.426358222961425781e-01 4.651884436607360840e-01
5.822726488113403320e-01 5.592615604400634766e-01
6.215476989746093750e-01 5.289516448974609375e-01
5.271226167678833008e-01 5.850377082824707031e-01
5.985947251319885254e-01 5.196664333343505859e-01
7.500122785568237305e-01 5.288492441177368164e-01
7.639786601066589355e-01 5.168330073356628418e-01
8.275115489959716797e-01 5.249521732330322266e-01
8.378457427024841309e-01 5.241580605506896973e-01
9.711754322052001953e-01 5.120659470558166504e-01
9.664131999015808105e-01 5.159710049629211426e-01
