3.024989366531372070e-01 3.932098746299743652e-01
2.875318825244903564e-01 3.958894014358520508e-01
2.890294194221496582e-01 3.794096410274505615e-01
2.945911884307861328e-01 4.258776903152465820e-01
2.970972061157226562e-01 3.749207258224487305e-01
3.556327223777770996e-01 4.537442624568939209e-01
3.805403411388397217e-01 4.124204516410827637e-01
4.672223925590515137e-01 4.476979374885559082e-01
4.915344715118408203e-01 3.804874420166015625e-01
4.805316329002380371e-01 4.301804304122924805e-01
5.792465806007385254e-01 3.570919632911682129e-01
5.549508333206176758e-01 5.071848034858703613e-01
5.731144547462463379e-01 4.760257899761199951e-01
6.933722496032714844e-01 5.215967893600463867e-01
6.972393393516540527e-01 5.086942315101623535e-01
8.858368396759033203e-01 5.261771678924560547e-01
8.844920396804809570e-01 5.253573656082153320e-01
