3.750385046005249023e-01 5.364854335784912109e-01
3.718644976615905762e-01 5.379229187965393066e-01
3.734877705574035645e-01 5.335629582405090332e-01
3.785772025585174561e-01 5.397435426712036133e-01
3.746267259120941162e-01 4.946778714656829834e-01
4.172700345516204834e-01 5.382469892501831055e-01
4.132537841796875000e-01 5.141488313674926758e-01
4.458791613578796387e-01 5.429537296295166016e-01
4.414432048797607422e-01 5.246310234069824219e-01
4.120264947414398193e-01 5.275139808654785156e-01
4.363504052162170410e-01 5.288225412368774414e-01
5.820634961128234863e-01 5.677038431167602539e-01
5.866842269897460938e-01 5.516339540481567383e-01
6.787771582603454590e-01 5.965675115585327148e-01
6.789703369140625000e-01 5.830463767051696777e-01
8.514548540115356445e-01 6.190134286880493164e-01
8.554625511169433594e-01 6.220341324806213379e-01
