4.261485934257507324e-01 5.901364088058471680e-01
4.119070768356323242e-01 6.070269346237182617e-01
4.089597165584564209e-01 5.756907463073730469e-01
4.288894832134246826e-01 6.231942772865295410e-01
4.253541827201843262e-01 5.515263676643371582e-01
5.249788165092468262e-01 6.273379325866699219e-01
5.108696222305297852e-01 4.862069487571716309e-01
6.240126490592956543e-01 6.273121237754821777e-01
6.101500988006591797e-01 4.523817896842956543e-01
6.282829642295837402e-01 5.999142527580261230e-01
6.679065227508544922e-01 4.504212141036987305e-01
7.063538432121276855e-01 5.184220671653747559e-01
7.010151147842407227e-01 4.734164476394653320e-01
8.460274934768676758e-01 5.169472694396972656e-01
8.449845314025878906e-01 4.614062905311584473e-01
9.627071619033813477e-01 5.460894107818603516e-01
9.798144698143005371e-01 4.692467451095581055e-01
