5.227338075637817383e-01 5.515414476394653320e-01
5.257928371429443359e-01 5.572001934051513672e-01
5.218858718872070312e-01 5.548906326293945312e-01
5.359883904457092285e-01 5.585462450981140137e-01
5.363098978996276855e-01 5.379574894905090332e-01
5.631536245346069336e-01 5.332484245300292969e-01
5.662473440170288086e-01 5.240540504455566406e-01
5.606975555419921875e-01 5.326616168022155762e-01
5.378652811050415039e-01 4.919611811637878418e-01
5.613061189651489258e-01 5.029069185256958008e-01
5.697050094604492188e-01 4.853307604789733887e-01
5.606144070625305176e-01 4.897995889186859131e-01
5.603618025779724121e-01 4.850290417671203613e-01
6.067081689834594727e-01 4.658389687538146973e-01
6.061831712722778320e-01 4.588067531585693359e-01
5.965833067893981934e-01 4.660001695156097412e-01
5.924375653266906738e-01 4.625222086906433105e-01
