7.646695375442504883e-01 5.854001045227050781e-01
7.643960714340209961e-01 5.815229415893554688e-01
7.669843435287475586e-01 5.851894617080688477e-01
7.620720863342285156e-01 5.787650942802429199e-01
7.797162532806396484e-01 5.843678712844848633e-01
7.587164640426635742e-01 5.729535818099975586e-01
7.789911627769470215e-01 5.907102823257446289e-01
6.259872317314147949e-01 5.936646461486816406e-01
6.296451091766357422e-01 5.990362167358398438e-01
6.048543453216552734e-01 6.081293225288391113e-01
5.449234247207641602e-01 6.885082721710205078e-01
7.373026609420776367e-01 5.609313249588012695e-01
7.617176771163940430e-01 5.861396193504333496e-01
9.139789342880249023e-01 5.743354558944702148e-01
9.172972440719604492e-01 5.829200148582458496e-01
9.774577021598815918e-01 5.914926528930664062e-01
9.815489649772644043e-01 5.889347791671752930e-01
