4.871044754981994629e-01 6.024801731109619141e-01
4.853862226009368896e-01 6.086829900741577148e-01
4.841217696666717529e-01 5.917643904685974121e-01
5.099908709526062012e-01 6.038303375244140625e-01
5.066977739334106445e-01 5.675325393676757812e-01
5.836789608001708984e-01 5.588246583938598633e-01
5.652910470962524414e-01 5.294561982154846191e-01
6.049256324768066406e-01 5.525827407836914062e-01
5.177447795867919922e-01 4.766058623790740967e-01
4.952888488769531250e-01 6.178222894668579102e-01
6.103414297103881836e-01 5.428006649017333984e-01
5.562853813171386719e-01 5.096371173858642578e-01
5.410491228103637695e-01 4.531239271163940430e-01
6.177286505699157715e-01 5.327953100204467773e-01
6.072247624397277832e-01 4.249792098999023438e-01
7.567853331565856934e-01 5.146238803863525391e-01
7.581011652946472168e-01 5.134582519531250000e-01
