3.874928653240203857e-01 5.567311644554138184e-01
4.011898934841156006e-01 5.565742254257202148e-01
3.858873844146728516e-01 5.532647371292114258e-01
4.504835605621337891e-01 5.393394231796264648e-01
4.335852563381195068e-01 4.785649180412292480e-01
4.748495221138000488e-01 5.294821858406066895e-01
5.212301015853881836e-01 4.568971097469329834e-01
5.013335347175598145e-01 5.238115191459655762e-01
5.635432004928588867e-01 4.632971286773681641e-01
5.350838303565979004e-01 5.038702487945556641e-01
5.506387948989868164e-01 4.745689332485198975e-01
5.737860202789306641e-01 4.822991490364074707e-01
5.774893760681152344e-01 4.357627034187316895e-01
8.069601058959960938e-01 4.660698175430297852e-01
7.853074073791503906e-01 4.462109506130218506e-01
9.149929285049438477e-01 4.792034626007080078e-01
9.266929626464843750e-01 4.242838025093078613e-01
