4.437220096588134766e-01 5.412542819976806641e-01
4.470078945159912109e-01 5.425553321838378906e-01
4.457794427871704102e-01 5.339198708534240723e-01
4.721136987209320068e-01 5.368365645408630371e-01
4.544678628444671631e-01 5.286324620246887207e-01
4.731683731079101562e-01 5.417674779891967773e-01
4.867682456970214844e-01 5.329744815826416016e-01
3.116400241851806641e-01 5.422956347465515137e-01
4.574034810066223145e-01 5.348997116088867188e-01
3.367432057857513428e-01 5.480690002441406250e-01
3.373663127422332764e-01 5.431990027427673340e-01
5.797417759895324707e-01 5.635086894035339355e-01
5.642679333686828613e-01 5.443875789642333984e-01
5.810077190399169922e-01 5.645735263824462891e-01
5.769853591918945312e-01 5.389695167541503906e-01
3.898489475250244141e-01 5.431236028671264648e-01
4.805151820182800293e-01 1.080977618694305420e-01
