4.200298488140106201e-01 5.316311717033386230e-01
4.203925728797912598e-01 5.240890979766845703e-01
4.208377599716186523e-01 5.326607227325439453e-01
4.335684478282928467e-01 5.163885354995727539e-01
4.327808320522308350e-01 5.366714000701904297e-01
4.676546454429626465e-01 5.215942859649658203e-01
4.653862714767456055e-01 5.658678412437438965e-01
4.701812863349914551e-01 5.249159932136535645e-01
4.635121524333953857e-01 5.701952576637268066e-01
5.148262977600097656e-01 5.165481567382812500e-01
5.151351690292358398e-01 5.463330149650573730e-01
5.773084759712219238e-01 5.355366468429565430e-01
5.880585908889770508e-01 5.568068027496337891e-01
6.825499534606933594e-01 5.303831100463867188e-01
6.855415701866149902e-01 5.450284481048583984e-01
7.950467467308044434e-01 5.225347280502319336e-01
7.964081168174743652e-01 5.386995673179626465e-01
