4.568828046321868896e-01 5.336014628410339355e-01
4.732142090797424316e-01 5.352059602737426758e-01
4.604199528694152832e-01 5.319464206695556641e-01
3.238220214843750000e-01 1.196282953023910522e-01
4.866279065608978271e-01 5.274277925491333008e-01
5.038313865661621094e-01 5.386285781860351562e-01
5.051872730255126953e-01 5.297392606735229492e-01
4.913538694381713867e-01 5.329729914665222168e-01
4.650017023086547852e-01 5.295495986938476562e-01
4.950271248817443848e-01 5.225911140441894531e-01
4.822077453136444092e-01 5.209549665451049805e-01
5.865661501884460449e-01 5.582066178321838379e-01
5.918563604354858398e-01 5.445261001586914062e-01
5.865584611892700195e-01 5.583454966545104980e-01
5.890868306159973145e-01 5.395362973213195801e-01
4.547969102859497070e-01 1.230524405837059021e-01
4.565713405609130859e-01 1.083557605743408203e-01
