2.205128073692321777e-01 5.848761796951293945e-01
2.125685811042785645e-01 5.929668545722961426e-01
2.968390882015228271e-01 5.496340394020080566e-01
2.962609529495239258e-01 5.887473821640014648e-01
3.078488111495971680e-01 5.423685908317565918e-01
3.575131595134735107e-01 5.887193083763122559e-01
3.691624402999877930e-01 5.274136066436767578e-01
3.554360568523406982e-01 5.922334790229797363e-01
3.591641187667846680e-01 5.160253643989562988e-01
3.025335073471069336e-01 6.005797386169433594e-01
3.891015946865081787e-01 5.242919921875000000e-01
5.363780260086059570e-01 5.636438131332397461e-01
5.394294261932373047e-01 5.276161432266235352e-01
6.585260629653930664e-01 5.646491050720214844e-01
6.364365816116333008e-01 5.482329130172729492e-01
7.952874898910522461e-01 5.656008720397949219e-01
7.633930444717407227e-01 5.591472387313842773e-01
