3.840476274490356445e-01 4.815351963043212891e-01
3.752582669258117676e-01 4.741489291191101074e-01
3.790431618690490723e-01 4.783285260200500488e-01
3.860857188701629639e-01 4.595155119895935059e-01
3.827949762344360352e-01 4.646815657615661621e-01
4.311302602291107178e-01 4.676994979381561279e-01
4.306943416595458984e-01 4.779216945171356201e-01
4.941542148590087891e-01 4.658246040344238281e-01
4.561639428138732910e-01 5.083459615707397461e-01
3.878221511840820312e-01 4.808521866798400879e-01
4.404882192611694336e-01 5.314708948135375977e-01
5.649644732475280762e-01 4.765531420707702637e-01
5.680096149444580078e-01 4.950165450572967529e-01
6.824344992637634277e-01 4.809665381908416748e-01
6.882373690605163574e-01 5.092974901199340820e-01
8.006275892257690430e-01 4.631172418594360352e-01
8.055722713470458984e-01 5.043847560882568359e-01
