5.551183819770812988e-01 5.076900720596313477e-01
5.441593527793884277e-01 5.088540911674499512e-01
5.477346181869506836e-01 5.003679990768432617e-01
5.613719224929809570e-01 5.178122520446777344e-01
5.716251134872436523e-01 4.933025538921356201e-01
6.092475056648254395e-01 5.574538707733154297e-01
6.272100210189819336e-01 5.163222551345825195e-01
5.315428972244262695e-01 5.559185743331909180e-01
5.662104487419128418e-01 5.429835319519042969e-01
4.414695203304290771e-01 5.772863030433654785e-01
5.503937602043151855e-01 5.436043739318847656e-01
7.655507922172546387e-01 6.201968193054199219e-01
7.764803767204284668e-01 5.820867419242858887e-01
9.080711603164672852e-01 6.560103297233581543e-01
9.096966981887817383e-01 6.055728197097778320e-01
9.701494574546813965e-01 6.797926425933837891e-01
9.759939908981323242e-01 6.109393239021301270e-01
