4.689221084117889404e-01 5.097924470901489258e-01
4.678457975387573242e-01 5.136575698852539062e-01
4.740207791328430176e-01 4.965958595275878906e-01
4.668057858943939209e-01 5.219370126724243164e-01
4.793427586555480957e-01 4.861741662025451660e-01
4.854903221130371094e-01 5.244081020355224609e-01
5.087121725082397461e-01 4.569012820720672607e-01
5.037541389465332031e-01 5.307906270027160645e-01
4.890065789222717285e-01 4.465810060501098633e-01
4.976845383644104004e-01 5.035390853881835938e-01
4.885558784008026123e-01 4.712324738502502441e-01
5.434257984161376953e-01 5.143709182739257812e-01
5.515213012695312500e-01 4.656587839126586914e-01
7.026846408843994141e-01 5.024943351745605469e-01
7.317860126495361328e-01 4.930140376091003418e-01
7.384399771690368652e-01 4.737084805965423584e-01
7.214726209640502930e-01 4.689137339591979980e-01
