5.042119026184082031e-01 7.354790568351745605e-01
4.998390674591064453e-01 7.362414598464965820e-01
5.021631717681884766e-01 7.365685701370239258e-01
4.981623888015747070e-01 7.368083000183105469e-01
5.010654926300048828e-01 7.367250323295593262e-01
5.176624059677124023e-01 7.303131818771362305e-01
5.176626443862915039e-01 7.361204624176025391e-01
5.422396659851074219e-01 7.346922755241394043e-01
5.399428606033325195e-01 7.373660802841186523e-01
5.661995410919189453e-01 7.363960146903991699e-01
5.596482157707214355e-01 7.361412048339843750e-01
5.651428699493408203e-01 7.382751703262329102e-01
5.644054412841796875e-01 7.411753535270690918e-01
6.028890609741210938e-01 7.397309541702270508e-01
6.010067462921142578e-01 7.391051650047302246e-01
6.376941204071044922e-01 7.402219176292419434e-01
6.377184391021728516e-01 7.390849590301513672e-01
