3.622950017452239990e-01 4.772163331508636475e-01
3.663652837276458740e-01 4.803310334682464600e-01
3.667921423912048340e-01 4.805483520030975342e-01
3.476569652557373047e-01 4.712512195110321045e-01
3.274871706962585449e-01 4.560041427612304688e-01
3.257599771022796631e-01 4.583475291728973389e-01
2.688603103160858154e-01 4.412469863891601562e-01
3.613207936286926270e-01 4.720236063003540039e-01
3.286769688129425049e-01 4.082298278808593750e-01
4.237820804119110107e-01 4.866671264171600342e-01
4.095402359962463379e-01 4.519060254096984863e-01
3.762638270854949951e-01 4.261659979820251465e-01
3.779605627059936523e-01 3.950768709182739258e-01
4.939247071743011475e-01 4.749945998191833496e-01
5.149114727973937988e-01 4.527732729911804199e-01
5.898525118827819824e-01 4.532114267349243164e-01
6.062049865722656250e-01 4.411150217056274414e-01
