5.858310461044311523e-01 4.770516157150268555e-01
5.841490030288696289e-01 4.665511250495910645e-01
5.820567607879638672e-01 4.761434793472290039e-01
6.062271595001220703e-01 4.462961554527282715e-01
6.053088903427124023e-01 4.740911126136779785e-01
6.330803632736206055e-01 4.510963857173919678e-01
6.488642692565917969e-01 5.012929439544677734e-01
6.042873859405517578e-01 3.846239447593688965e-01
5.736402869224548340e-01 5.129729509353637695e-01
6.045053601264953613e-01 4.026419818401336670e-01
5.160596966743469238e-01 5.179257988929748535e-01
7.480977773666381836e-01 4.816231429576873779e-01
7.568730711936950684e-01 5.020489692687988281e-01
8.328055143356323242e-01 4.987240731716156006e-01
8.496112227439880371e-01 5.029661655426025391e-01
8.361307382583618164e-01 4.939241111278533936e-01
9.706463813781738281e-01 4.705443084239959717e-01
