4.744595885276794434e-01 3.576467633247375488e-01
4.680153131484985352e-01 3.600445687770843506e-01
4.722449481487274170e-01 3.545532822608947754e-01
4.698225259780883789e-01 3.513329923152923584e-01
4.760058820247650146e-01 3.450684249401092529e-01
4.934443831443786621e-01 3.692705631256103516e-01
5.022189617156982422e-01 3.411441445350646973e-01
5.477045774459838867e-01 3.953706622123718262e-01
5.685713291168212891e-01 3.565129935741424561e-01
5.555415153503417969e-01 4.133234918117523193e-01
5.731454491615295410e-01 3.923956751823425293e-01
5.820122957229614258e-01 3.872505128383636475e-01
5.853497982025146484e-01 3.715171515941619873e-01
6.321383118629455566e-01 3.996483981609344482e-01
6.443099975585937500e-01 3.985091149806976318e-01
7.005002498626708984e-01 4.114243984222412109e-01
7.013139128684997559e-01 4.087917506694793701e-01
