3.709946870803833008e-01 3.842592835426330566e-01
3.578629195690155029e-01 3.903674483299255371e-01
3.625385463237762451e-01 3.838404417037963867e-01
3.609924912452697754e-01 4.136146008968353271e-01
3.667401075363159180e-01 3.970131874084472656e-01
4.014604985713958740e-01 4.404026865959167480e-01
4.213727414608001709e-01 4.042016863822937012e-01
4.915596842765808105e-01 4.594599008560180664e-01
5.075535774230957031e-01 4.136594235897064209e-01
2.714891135692596436e-01 3.962725102901458740e-01
5.267977714538574219e-01 3.843472898006439209e-01
5.427548885345458984e-01 4.761274456977844238e-01
5.474812984466552734e-01 4.475890994071960449e-01
6.825232505798339844e-01 4.813476502895355225e-01
6.778790354728698730e-01 4.470340609550476074e-01
8.019264936447143555e-01 5.023992061614990234e-01
8.014074563980102539e-01 4.577047228813171387e-01
