4.152761101722717285e-01 4.774809479713439941e-01
4.071626663208007812e-01 4.827829003334045410e-01
4.087732434272766113e-01 4.731198549270629883e-01
4.113745689392089844e-01 4.928588569164276123e-01
4.139086604118347168e-01 4.737136065959930420e-01
4.425319433212280273e-01 5.055495500564575195e-01
4.498942792415618896e-01 4.625473916530609131e-01
3.661584854125976562e-01 5.305904746055603027e-01
4.333089292049407959e-01 4.645131528377532959e-01
3.420402705669403076e-01 5.492299795150756836e-01
4.025318324565887451e-01 4.832541942596435547e-01
5.730944871902465820e-01 4.974620938301086426e-01
5.766126513481140137e-01 4.726512432098388672e-01
6.929444670677185059e-01 5.099695324897766113e-01
7.006958723068237305e-01 5.102835893630981445e-01
7.998609542846679688e-01 5.184466838836669922e-01
7.982099056243896484e-01 5.207456350326538086e-01
