6.068398356437683105e-01 5.057169795036315918e-01
6.094564795494079590e-01 5.018461346626281738e-01
6.083528995513916016e-01 5.037119388580322266e-01
6.341202259063720703e-01 4.949646890163421631e-01
6.322937607765197754e-01 5.005216598510742188e-01
6.426954865455627441e-01 5.183531641960144043e-01
6.439692974090576172e-01 4.982384443283081055e-01
6.140882968902587891e-01 5.328428745269775391e-01
6.158663034439086914e-01 5.198299884796142578e-01
5.405967831611633301e-01 5.292274951934814453e-01
5.394346714019775391e-01 5.225068330764770508e-01
6.994842886924743652e-01 5.296897888183593750e-01
7.027707099914550781e-01 5.217986106872558594e-01
7.661867141723632812e-01 5.290833115577697754e-01
7.420359849929809570e-01 5.157584547996520996e-01
7.768323421478271484e-01 5.226252079010009766e-01
7.677606940269470215e-01 5.183594226837158203e-01
