5.675659179687500000e-01 4.605290889739990234e-01
5.580018162727355957e-01 4.660820960998535156e-01
5.582669377326965332e-01 4.556411504745483398e-01
5.545772314071655273e-01 4.718863666057586670e-01
5.547723174095153809e-01 4.470548629760742188e-01
5.846167206764221191e-01 4.793297946453094482e-01
5.879330635070800781e-01 4.410578906536102295e-01
6.661578416824340820e-01 4.852283895015716553e-01
6.681365966796875000e-01 4.279960989952087402e-01
6.589826941490173340e-01 4.678375422954559326e-01
6.697456240653991699e-01 4.362868666648864746e-01
7.082800865173339844e-01 4.666372239589691162e-01
7.004597187042236328e-01 4.424089193344116211e-01
8.191777467727661133e-01 4.628137350082397461e-01
8.218091726303100586e-01 4.415644407272338867e-01
9.091209769248962402e-01 4.714867472648620605e-01
9.127100706100463867e-01 4.387484788894653320e-01
