4.397655427455902100e-01 5.425035953521728516e-01
4.395243823528289795e-01 5.445646047592163086e-01
4.367781877517700195e-01 5.095183849334716797e-01
4.480528831481933594e-01 5.386553406715393066e-01
4.459151029586791992e-01 4.957031905651092529e-01
4.802982211112976074e-01 5.347496867179870605e-01
4.648651778697967529e-01 4.443051218986511230e-01
5.197740197181701660e-01 5.303425192832946777e-01
5.389728546142578125e-01 3.955888748168945312e-01
5.534349679946899414e-01 5.172453522682189941e-01
5.766142606735229492e-01 3.976287841796875000e-01
5.723484158515930176e-01 4.890466928482055664e-01
5.668137669563293457e-01 4.405102729797363281e-01
7.315765619277954102e-01 4.896197021007537842e-01
6.644099950790405273e-01 4.580636024475097656e-01
9.625870585441589355e-01 4.541815221309661865e-01
7.515190839767456055e-01 4.833488166332244873e-01
