5.080087184906005859e-01 5.016850233078002930e-01
4.986454844474792480e-01 4.923847317695617676e-01
5.155764818191528320e-01 4.797340631484985352e-01
4.986017346382141113e-01 4.783821105957031250e-01
5.178734660148620605e-01 4.644337594509124756e-01
5.130263566970825195e-01 4.576312005519866943e-01
4.986965060234069824e-01 4.619706273078918457e-01
5.452383756637573242e-01 4.727836549282073975e-01
5.153004527091979980e-01 4.715483784675598145e-01
5.599576830863952637e-01 4.639917314052581787e-01
5.599256753921508789e-01 4.633428752422332764e-01
5.530962944030761719e-01 4.565353095531463623e-01
5.559126734733581543e-01 4.593896865844726562e-01
6.888517737388610840e-01 4.723846316337585449e-01
6.896860003471374512e-01 4.913817048072814941e-01
9.154791831970214844e-01 4.628326594829559326e-01
7.397052049636840820e-01 4.900880455970764160e-01
