5.313729047775268555e-01 4.806219935417175293e-01
5.324598550796508789e-01 4.778465628623962402e-01
5.327470302581787109e-01 4.748893678188323975e-01
5.381523966789245605e-01 4.685359001159667969e-01
5.421270728111267090e-01 4.575475156307220459e-01
5.642632246017456055e-01 4.667222499847412109e-01
5.660942792892456055e-01 4.614680707454681396e-01
6.228989958763122559e-01 4.625836312770843506e-01
6.219158172607421875e-01 4.592739045619964600e-01
6.221650838851928711e-01 4.674369990825653076e-01
5.990384817123413086e-01 4.684743881225585938e-01
6.284983158111572266e-01 4.604507386684417725e-01
6.302645206451416016e-01 4.638349413871765137e-01
7.433317899703979492e-01 4.713588654994964600e-01
7.476491928100585938e-01 4.805399775505065918e-01
8.052103519439697266e-01 4.783749580383300781e-01
8.059672117233276367e-01 4.887503087520599365e-01
