7.923280596733093262e-01 5.373674631118774414e-01
8.013410568237304688e-01 5.323244333267211914e-01
7.925838828086853027e-01 5.375719070434570312e-01
8.018955588340759277e-01 5.252262949943542480e-01
8.030528426170349121e-01 5.388301014900207520e-01
7.900742888450622559e-01 5.178532004356384277e-01
7.895784378051757812e-01 5.466382503509521484e-01
6.442915797233581543e-01 5.595877170562744141e-01
6.490231752395629883e-01 5.700023174285888672e-01
6.425007581710815430e-01 5.740308165550231934e-01
6.181745529174804688e-01 5.937859416007995605e-01
7.220524549484252930e-01 5.074315667152404785e-01
7.723931074142456055e-01 5.461260676383972168e-01
9.228562712669372559e-01 5.120997428894042969e-01
9.259269237518310547e-01 5.248675346374511719e-01
9.657093882560729980e-01 5.135233402252197266e-01
9.696101546287536621e-01 5.147057771682739258e-01
