5.405645966529846191e-01 7.427548170089721680e-01
5.363395214080810547e-01 7.440892457962036133e-01
5.373187065124511719e-01 7.431208491325378418e-01
5.342348217964172363e-01 7.441526651382446289e-01
5.346651673316955566e-01 7.405633926391601562e-01
5.518919229507446289e-01 7.404193878173828125e-01
5.508031845092773438e-01 7.369474172592163086e-01
5.681614875793457031e-01 7.423472404479980469e-01
5.722017288208007812e-01 7.332870960235595703e-01
5.935012102127075195e-01 7.389918565750122070e-01
5.909301638603210449e-01 7.340990900993347168e-01
5.944237709045410156e-01 7.390893697738647461e-01
5.944299697875976562e-01 7.375931739807128906e-01
6.274670958518981934e-01 7.399240732192993164e-01
6.269587874412536621e-01 7.334623336791992188e-01
6.613164544105529785e-01 7.374249696731567383e-01
6.611455082893371582e-01 7.334294319152832031e-01
