4.992418885231018066e-01 5.174578428268432617e-01
4.936317205429077148e-01 5.126754045486450195e-01
4.935660064220428467e-01 5.125398635864257812e-01
4.926975965499877930e-01 5.110747814178466797e-01
4.892803132534027100e-01 5.087049603462219238e-01
5.161443948745727539e-01 5.200356245040893555e-01
5.029469728469848633e-01 5.031034946441650391e-01
5.271139144897460938e-01 5.344465374946594238e-01
5.386326313018798828e-01 5.071300864219665527e-01
5.343474149703979492e-01 5.346594452857971191e-01
4.257012307643890381e-01 4.526025652885437012e-01
5.805491209030151367e-01 5.235121250152587891e-01
5.809414386749267578e-01 5.179342627525329590e-01
6.799702048301696777e-01 5.499754548072814941e-01
6.287218928337097168e-01 5.286034345626831055e-01
7.860404849052429199e-01 5.895288586616516113e-01
7.884294390678405762e-01 5.866283178329467773e-01
