4.254822134971618652e-01 4.215023219585418701e-01
4.222559332847595215e-01 4.195504188537597656e-01
4.240519702434539795e-01 4.191999435424804688e-01
4.300570189952850342e-01 4.147865176200866699e-01
4.339301288127899170e-01 4.056681990623474121e-01
4.596620798110961914e-01 4.211134314537048340e-01
4.822840094566345215e-01 4.145528972148895264e-01
4.363479018211364746e-01 4.228321909904479980e-01
4.590625464916229248e-01 4.189040362834930420e-01
4.387646913528442383e-01 4.113154113292694092e-01
4.586405158042907715e-01 4.053148031234741211e-01
6.460405588150024414e-01 4.728456437587738037e-01
6.537138223648071289e-01 4.683950841426849365e-01
7.749587297439575195e-01 5.188435316085815430e-01
7.824698686599731445e-01 5.136976838111877441e-01
8.484086394309997559e-01 5.357847213745117188e-01
8.172864913940429688e-01 5.253810882568359375e-01
