4.210665225982666016e-01 3.612555861473083496e-01
4.150204062461853027e-01 3.577334582805633545e-01
4.155640602111816406e-01 3.662928938865661621e-01
4.155587852001190186e-01 3.547008931636810303e-01
4.177314043045043945e-01 3.731297254562377930e-01
4.471662044525146484e-01 3.427554368972778320e-01
4.467810988426208496e-01 3.862087726593017578e-01
4.897081553936004639e-01 3.406700789928436279e-01
4.910126924514770508e-01 4.222146868705749512e-01
5.261337757110595703e-01 3.654307126998901367e-01
5.206990242004394531e-01 4.168723523616790771e-01
5.220762491226196289e-01 3.516613245010375977e-01
5.214262604713439941e-01 3.709559440612792969e-01
5.931921005249023438e-01 3.497211635112762451e-01
5.955609679222106934e-01 3.711250722408294678e-01
6.698278784751892090e-01 3.394505381584167480e-01
6.673220992088317871e-01 3.494772613048553467e-01
