5.932629108428955078e-01 4.887661337852478027e-01
5.962870121002197266e-01 4.916202723979949951e-01
5.936653614044189453e-01 4.908115267753601074e-01
6.182038784027099609e-01 4.836872220039367676e-01
6.086663007736206055e-01 4.833480119705200195e-01
6.256484985351562500e-01 5.033251047134399414e-01
6.191128492355346680e-01 4.848750829696655273e-01
5.900534987449645996e-01 5.329897999763488770e-01
5.746535062789916992e-01 5.316457152366638184e-01
5.079457759857177734e-01 5.452446937561035156e-01
4.860770106315612793e-01 5.432657003402709961e-01
6.775389909744262695e-01 5.155007839202880859e-01
6.546456813812255859e-01 5.081377625465393066e-01
6.920918226242065430e-01 5.072183609008789062e-01
6.598571538925170898e-01 4.976073503494262695e-01
9.592994451522827148e-01 5.145363211631774902e-01
6.607679724693298340e-01 4.914722442626953125e-01
