2.281128168106079102e-01 5.246477723121643066e-01
2.261349260807037354e-01 5.152685642242431641e-01
2.271790206432342529e-01 5.118421912193298340e-01
2.243077456951141357e-01 5.310136079788208008e-01
2.292299866676330566e-01 5.113505721092224121e-01
2.449248284101486206e-01 5.344513654708862305e-01
2.503406405448913574e-01 5.112018585205078125e-01
2.726137638092041016e-01 5.230892896652221680e-01
2.927563786506652832e-01 4.743234813213348389e-01
2.777605056762695312e-01 5.170741081237792969e-01
2.705424129962921143e-01 5.102313756942749023e-01
4.729068279266357422e-01 5.176826715469360352e-01
4.742523133754730225e-01 4.977394938468933105e-01
6.475642919540405273e-01 5.283071994781494141e-01
6.332648992538452148e-01 5.241310000419616699e-01
7.791971564292907715e-01 5.614516735076904297e-01
7.781406641006469727e-01 5.603985190391540527e-01
