4.456728696823120117e-01 5.376528501510620117e-01
4.425958395004272461e-01 5.363764762878417969e-01
4.433244466781616211e-01 5.381429195404052734e-01
4.534009397029876709e-01 5.349611043930053711e-01
4.526694715023040771e-01 5.316917896270751953e-01
4.764977097511291504e-01 5.438932180404663086e-01
4.825773835182189941e-01 5.289936065673828125e-01
4.253568053245544434e-01 5.496175289154052734e-01
4.277310967445373535e-01 5.338631868362426758e-01
3.903010785579681396e-01 5.503482818603515625e-01
4.003079831600189209e-01 5.288336277008056641e-01
5.752925872802734375e-01 5.607131719589233398e-01
5.794059038162231445e-01 5.475565791130065918e-01
6.917881965637207031e-01 5.771186351776123047e-01
6.935862898826599121e-01 5.671772360801696777e-01
7.814032435417175293e-01 5.866374373435974121e-01
7.684789896011352539e-01 5.869992971420288086e-01
