5.902858376502990723e-01 5.306675434112548828e-01
5.847667455673217773e-01 5.318099260330200195e-01
5.872259140014648438e-01 5.268664360046386719e-01
5.863926410675048828e-01 5.353018045425415039e-01
5.907204151153564453e-01 5.225636363029479980e-01
6.098229885101318359e-01 5.427022576332092285e-01
6.128902435302734375e-01 5.253576040267944336e-01
5.701899528503417969e-01 5.559680461883544922e-01
5.713138580322265625e-01 5.485350489616394043e-01
5.528255105018615723e-01 5.450584888458251953e-01
5.705904364585876465e-01 5.348030924797058105e-01
6.870411634445190430e-01 5.603194832801818848e-01
6.891831755638122559e-01 5.561732053756713867e-01
7.922558784484863281e-01 5.931407809257507324e-01
7.954809069633483887e-01 5.894514322280883789e-01
7.744058966636657715e-01 5.864707827568054199e-01
7.746417522430419922e-01 5.864068865776062012e-01
