4.611827731132507324e-01 5.155133008956909180e-01
4.511555135250091553e-01 5.185348391532897949e-01
4.539190232753753662e-01 5.113568305969238281e-01
4.640010595321655273e-01 5.110133886337280273e-01
4.579260349273681641e-01 4.963954389095306396e-01
5.126753449440002441e-01 4.860003888607025146e-01
5.059770345687866211e-01 4.531871676445007324e-01
5.742685794830322266e-01 4.727706313133239746e-01
5.882767438888549805e-01 4.135139584541320801e-01
5.545542836189270020e-01 4.709219634532928467e-01
5.471303462982177734e-01 4.653378725051879883e-01
6.377891302108764648e-01 4.468627572059631348e-01
6.257556676864624023e-01 4.152992963790893555e-01
7.409119606018066406e-01 4.439546465873718262e-01
7.616827487945556641e-01 4.069003760814666748e-01
8.394753932952880859e-01 4.228996634483337402e-01
8.461184501647949219e-01 4.163702130317687988e-01
