4.196872711181640625e-01 2.260541170835494995e-01
4.093214869499206543e-01 2.298610806465148926e-01
4.135740995407104492e-01 2.261609286069869995e-01
4.143745303153991699e-01 2.407650947570800781e-01
4.209381937980651855e-01 2.216915190219879150e-01
4.529827833175659180e-01 2.593050599098205566e-01
4.638866186141967773e-01 2.239878475666046143e-01
4.735017418861389160e-01 2.812255024909973145e-01
5.087227821350097656e-01 2.359883636236190796e-01
3.743133544921875000e-01 2.789867818355560303e-01
4.199867248535156250e-01 2.381734549999237061e-01
5.967351198196411133e-01 2.683598101139068604e-01
5.982708930969238281e-01 2.452355325222015381e-01
7.091369032859802246e-01 2.767918109893798828e-01
7.166178226470947266e-01 2.727876007556915283e-01
8.260624408721923828e-01 2.995820045471191406e-01
8.328434228897094727e-01 2.886209785938262939e-01
