5.580841898918151855e-01 4.695177078247070312e-01
5.507378578186035156e-01 4.777400195598602295e-01
5.505936145782470703e-01 4.608304202556610107e-01
5.555300116539001465e-01 4.830079972743988037e-01
5.501669645309448242e-01 4.445402026176452637e-01
5.893802642822265625e-01 4.898571670055389404e-01
5.856114625930786133e-01 4.357944726943969727e-01
6.601612567901611328e-01 5.073341131210327148e-01
6.554349064826965332e-01 4.252470433712005615e-01
6.842800378799438477e-01 5.099736452102661133e-01
6.623957753181457520e-01 4.339689910411834717e-01
6.958839893341064453e-01 4.773807227611541748e-01
6.971110701560974121e-01 4.374386072158813477e-01
8.158341646194458008e-01 4.701305031776428223e-01
8.195494413375854492e-01 4.384512305259704590e-01
8.996130824089050293e-01 4.809655845165252686e-01
9.017990827560424805e-01 4.380214810371398926e-01
