5.586166381835937500e-01 6.620606184005737305e-01
5.575339794158935547e-01 6.629352569580078125e-01
5.565104484558105469e-01 6.618905663490295410e-01
5.888732671737670898e-01 6.467389464378356934e-01
5.834459066390991211e-01 6.428189277648925781e-01
5.700154900550842285e-01 6.481895446777343750e-01
5.474096536636352539e-01 6.793074607849121094e-01
5.702574849128723145e-01 6.575871706008911133e-01
5.794041156768798828e-01 6.561489105224609375e-01
5.915284752845764160e-01 6.597220897674560547e-01
5.838086605072021484e-01 6.508062481880187988e-01
5.780606269836425781e-01 6.176186800003051758e-01
5.765569210052490234e-01 6.253411769866943359e-01
6.616650819778442383e-01 5.499213933944702148e-01
6.627558469772338867e-01 5.411044955253601074e-01
6.148197054862976074e-01 6.428006291389465332e-01
6.128085851669311523e-01 6.455707550048828125e-01
