2.773907184600830078e-01 4.407027959823608398e-01
2.670497000217437744e-01 4.537828564643859863e-01
2.708725631237030029e-01 4.305554032325744629e-01
2.862693965435028076e-01 4.673731327056884766e-01
2.977252304553985596e-01 4.174964427947998047e-01
3.309447765350341797e-01 4.858619868755340576e-01
3.767160177230834961e-01 4.193174839019775391e-01
2.806817293167114258e-01 5.348684787750244141e-01
4.683694541454315186e-01 3.901431262493133545e-01
2.074364274740219116e-01 5.637058019638061523e-01
5.470423698425292969e-01 3.566909730434417725e-01
5.416825413703918457e-01 4.982987642288208008e-01
5.536025166511535645e-01 4.528910815715789795e-01
7.148122191429138184e-01 5.014070868492126465e-01
7.208554744720458984e-01 4.379582107067108154e-01
8.746594190597534180e-01 4.993027150630950928e-01
8.718613386154174805e-01 4.323956370353698730e-01
