6.115407943725585938e-01 5.045105218887329102e-01
6.027474999427795410e-01 5.094674229621887207e-01
6.044278144836425781e-01 4.963234364986419678e-01
6.049801111221313477e-01 5.151984095573425293e-01
6.084866523742675781e-01 4.857063293457031250e-01
6.434002518653869629e-01 5.407242774963378906e-01
6.454511284828186035e-01 4.712493121623992920e-01
6.859996318817138672e-01 5.787377357482910156e-01
6.503933668136596680e-01 4.583058953285217285e-01
7.114208936691284180e-01 5.930731296539306641e-01
6.284760236740112305e-01 4.744141101837158203e-01
7.898852229118347168e-01 5.153288841247558594e-01
7.915698885917663574e-01 4.833753705024719238e-01
8.877308368682861328e-01 5.058551430702209473e-01
9.002891778945922852e-01 4.891164898872375488e-01
9.601063728332519531e-01 4.779963493347167969e-01
9.695206880569458008e-01 4.701427221298217773e-01
