7.733252048492431641e-01 5.505646467208862305e-01
7.943589687347412109e-01 5.340228080749511719e-01
7.911874651908874512e-01 5.475330352783203125e-01
8.116063475608825684e-01 5.134714841842651367e-01
7.942079305648803711e-01 5.451286435127258301e-01
7.543420195579528809e-01 5.153751373291015625e-01
6.616233587265014648e-01 5.755252838134765625e-01
6.286005973815917969e-01 5.628123879432678223e-01
6.295793056488037109e-01 5.694016814231872559e-01
5.278676152229309082e-01 6.561042070388793945e-01
5.281464457511901855e-01 6.457781195640563965e-01
5.449137687683105469e-01 4.826523959636688232e-01
5.500809550285339355e-01 5.014532208442687988e-01
6.246026754379272461e-01 5.682843923568725586e-01
6.276664733886718750e-01 5.608334541320800781e-01
5.251824855804443359e-01 6.511608362197875977e-01
5.271542072296142578e-01 6.503257751464843750e-01
