5.217359066009521484e-01 4.643513560295104980e-01
5.301134586334228516e-01 4.604520201683044434e-01
5.225247144699096680e-01 4.603664577007293701e-01
5.606755018234252930e-01 4.763637483119964600e-01
5.281739234924316406e-01 4.637036323547363281e-01
5.603178739547729492e-01 5.110171437263488770e-01
5.083081126213073730e-01 4.848762154579162598e-01
5.789603590965270996e-01 5.225512981414794922e-01
3.997755050659179688e-01 4.587584137916564941e-01
5.243631601333618164e-01 4.886343479156494141e-01
4.778100848197937012e-01 4.655457437038421631e-01
5.286168456077575684e-01 5.076335668563842773e-01
4.750285148620605469e-01 4.959055781364440918e-01
5.752932429313659668e-01 5.156157016754150391e-01
5.024927854537963867e-01 4.833332002162933350e-01
8.123849630355834961e-01 5.235131978988647461e-01
5.327968597412109375e-01 4.848598837852478027e-01
