4.052102565765380859e-01 3.987697064876556396e-01
3.711398541927337646e-01 4.297636151313781738e-01
3.736003637313842773e-01 4.041609168052673340e-01
3.665210008621215820e-01 4.327470660209655762e-01
3.805667757987976074e-01 3.699642419815063477e-01
4.242058694362640381e-01 4.268263280391693115e-01
4.262343645095825195e-01 3.742103576660156250e-01
5.265213847160339355e-01 4.719833135604858398e-01
4.540711045265197754e-01 4.073706269264221191e-01
5.567083358764648438e-01 4.654378890991210938e-01
5.238677263259887695e-01 4.440547227859497070e-01
6.062915921211242676e-01 4.460051655769348145e-01
6.120429039001464844e-01 4.207690358161926270e-01
6.658358573913574219e-01 4.908546209335327148e-01
6.439017653465270996e-01 4.751677215099334717e-01
7.826673984527587891e-01 5.064682960510253906e-01
7.833904027938842773e-01 5.046555995941162109e-01
