5.083502531051635742e-01 7.390281558036804199e-01
5.040727853775024414e-01 7.402230501174926758e-01
5.059321522712707520e-01 7.393476366996765137e-01
5.036539435386657715e-01 7.422345876693725586e-01
5.056847333908081055e-01 7.384507656097412109e-01
5.203179717063903809e-01 7.367496490478515625e-01
5.191825032234191895e-01 7.346066236495971680e-01
5.437319874763488770e-01 7.421190738677978516e-01
5.421927571296691895e-01 7.364058494567871094e-01
5.601969957351684570e-01 7.435053586959838867e-01
5.576663613319396973e-01 7.381081581115722656e-01
5.631943941116333008e-01 7.413876056671142578e-01
5.626099109649658203e-01 7.412185072898864746e-01
5.977866649627685547e-01 7.413736581802368164e-01
5.971772670745849609e-01 7.398793697357177734e-01
6.379709243774414062e-01 7.448684573173522949e-01
6.366080641746520996e-01 7.384709119796752930e-01
