2.210735082626342773e-01 5.197079181671142578e-01
2.164391875267028809e-01 5.161187052726745605e-01
2.186349928379058838e-01 5.148058533668518066e-01
2.126200050115585327e-01 5.178186893463134766e-01
2.114076614379882812e-01 5.113542079925537109e-01
2.223754525184631348e-01 5.181760787963867188e-01
2.269474714994430542e-01 5.124575495719909668e-01
2.467325627803802490e-01 5.272259116172790527e-01
2.481561601161956787e-01 5.180635452270507812e-01
2.635313570499420166e-01 5.330669879913330078e-01
2.654505968093872070e-01 5.259517431259155273e-01
2.589606642723083496e-01 5.224741697311401367e-01
2.618952989578247070e-01 5.190465450286865234e-01
2.856649160385131836e-01 5.251047015190124512e-01
2.892487943172454834e-01 5.259867310523986816e-01
3.073435723781585693e-01 5.302010774612426758e-01
3.086028099060058594e-01 5.283488035202026367e-01
