5.802398920059204102e-01 4.927443265914916992e-01
5.991519689559936523e-01 4.960900247097015381e-01
5.842900276184082031e-01 4.919319748878479004e-01
6.302801370620727539e-01 4.926199316978454590e-01
6.152776479721069336e-01 4.895858466625213623e-01
6.138762235641479492e-01 4.996264874935150146e-01
5.723021626472473145e-01 5.066928267478942871e-01
5.374853610992431641e-01 5.294733047485351562e-01
4.674524664878845215e-01 5.223138332366943359e-01
4.567152857780456543e-01 5.398110151290893555e-01
4.590705037117004395e-01 5.342820286750793457e-01
5.024725198745727539e-01 5.012664794921875000e-01
4.737188220024108887e-01 4.817945659160614014e-01
5.615986585617065430e-01 4.785509705543518066e-01
4.861880242824554443e-01 4.098284840583801270e-01
4.812018275260925293e-01 5.359611511230468750e-01
3.997897505760192871e-01 9.292226284742355347e-02
