5.925235748291015625e-01 6.177305579185485840e-01
5.976650118827819824e-01 6.128243803977966309e-01
5.928386449813842773e-01 6.191132068634033203e-01
7.591136693954467773e-01 5.889468193054199219e-01
7.597296237945556641e-01 5.816823244094848633e-01
6.654130816459655762e-01 5.724266767501831055e-01
6.584640145301818848e-01 5.895034074783325195e-01
6.172780394554138184e-01 5.758791565895080566e-01
6.170296072959899902e-01 5.810054540634155273e-01
5.982245802879333496e-01 5.838216543197631836e-01
5.983030796051025391e-01 5.874031782150268555e-01
5.502587556838989258e-01 5.041893720626831055e-01
5.449899435043334961e-01 4.931249618530273438e-01
5.035487413406372070e-01 3.804396986961364746e-01
5.259448885917663574e-01 4.041697978973388672e-01
5.636347532272338867e-01 3.990445733070373535e-01
5.614520311355590820e-01 4.258075356483459473e-01
