3.750423192977905273e-01 3.875188827514648438e-01
3.612892627716064453e-01 3.897884786128997803e-01
3.549411892890930176e-01 3.684982657432556152e-01
3.639973104000091553e-01 4.040169119834899902e-01
3.530709445476531982e-01 3.535159528255462646e-01
4.222566485404968262e-01 4.298811852931976318e-01
3.954556882381439209e-01 3.279289305210113525e-01
4.544871747493743896e-01 4.508613348007202148e-01
4.414744377136230469e-01 2.690797448158264160e-01
3.819831013679504395e-01 4.171077013015747070e-01
3.822741210460662842e-01 3.081104755401611328e-01
5.745158791542053223e-01 4.235044419765472412e-01
5.763660669326782227e-01 3.377280831336975098e-01
6.655404567718505859e-01 4.628084599971771240e-01
7.025110125541687012e-01 3.023988604545593262e-01
7.998325228691101074e-01 4.596476256847381592e-01
8.218938708305358887e-01 3.611230254173278809e-01
