5.122044086456298828e-01 4.319881796836853027e-01
5.065392851829528809e-01 4.307075738906860352e-01
5.088609457015991211e-01 4.294977188110351562e-01
5.083702206611633301e-01 4.346431493759155273e-01
5.121347904205322266e-01 4.306631684303283691e-01
5.437173843383789062e-01 4.589310884475708008e-01
5.465692281723022461e-01 4.359142184257507324e-01
5.932173132896423340e-01 4.847604632377624512e-01
5.881712436676025391e-01 4.379646182060241699e-01
6.598523855209350586e-01 5.081277489662170410e-01
6.010813117027282715e-01 4.346005916595458984e-01
6.483368277549743652e-01 4.949812293052673340e-01
6.535133123397827148e-01 4.689783751964569092e-01
7.341539859771728516e-01 5.171420574188232422e-01
7.450510263442993164e-01 4.752044379711151123e-01
8.103516101837158203e-01 5.926215052604675293e-01
8.568763732910156250e-01 4.674926400184631348e-01
