5.109035372734069824e-01 4.500097036361694336e-01
5.133150815963745117e-01 4.503289163112640381e-01
3.770524263381958008e-01 3.649016618728637695e-01
5.755736231803894043e-01 4.562045335769653320e-01
6.778652071952819824e-01 4.673171639442443848e-01
3.754140138626098633e-01 3.952608704566955566e-01
3.689207434654235840e-01 3.610687851905822754e-01
3.865045011043548584e-01 4.319444596767425537e-01
3.525159358978271484e-01 3.486339449882507324e-01
4.128608107566833496e-01 4.402628839015960693e-01
4.041722714900970459e-01 3.858346939086914062e-01
4.482534527778625488e-01 4.409095048904418945e-01
4.508351683616638184e-01 4.167024493217468262e-01
6.999214887619018555e-01 4.815180897712707520e-01
7.276932597160339355e-01 4.885296225547790527e-01
7.185021638870239258e-01 5.067827105522155762e-01
9.283759593963623047e-01 5.237862467765808105e-01
