3.979135751724243164e-01 4.473171830177307129e-01
3.895045220851898193e-01 4.441835582256317139e-01
3.923556208610534668e-01 4.433678388595581055e-01
3.894398212432861328e-01 4.409088790416717529e-01
3.946998119354248047e-01 4.379597902297973633e-01
4.244397282600402832e-01 4.693097472190856934e-01
4.269112944602966309e-01 4.379078745841979980e-01
4.757864475250244141e-01 5.031082630157470703e-01
4.804608821868896484e-01 4.611982703208923340e-01
4.924437701702117920e-01 5.101241469383239746e-01
5.281755924224853516e-01 4.671779274940490723e-01
5.451833009719848633e-01 5.140015482902526855e-01
5.492416024208068848e-01 4.974473714828491211e-01
6.606547832489013672e-01 5.582667589187622070e-01
6.665797829627990723e-01 5.354290008544921875e-01
7.653219699859619141e-01 5.973894000053405762e-01
7.244193553924560547e-01 5.418032407760620117e-01
