5.977909564971923828e-01 4.792653918266296387e-01
5.871524214744567871e-01 4.757462143898010254e-01
5.888347625732421875e-01 4.770179390907287598e-01
5.910103917121887207e-01 4.748524129390716553e-01
5.953791141510009766e-01 4.776483178138732910e-01
6.302765607833862305e-01 4.831634163856506348e-01
6.334867477416992188e-01 4.966198205947875977e-01
5.746130943298339844e-01 5.316886901855468750e-01
5.701125860214233398e-01 5.391781330108642578e-01
5.483713150024414062e-01 5.203449726104736328e-01
4.865955114364624023e-01 5.422563552856445312e-01
7.457979917526245117e-01 5.239765048027038574e-01
7.423704862594604492e-01 5.385079383850097656e-01
8.055183291435241699e-01 5.220386981964111328e-01
8.053147196769714355e-01 5.273688435554504395e-01
9.672808051109313965e-01 5.251702070236206055e-01
9.687258005142211914e-01 5.271474123001098633e-01
