4.253781735897064209e-01 4.834387302398681641e-01
4.283200502395629883e-01 4.893143773078918457e-01
4.902261495590209961e-01 4.469348788261413574e-01
5.040998458862304688e-01 4.995872378349304199e-01
5.143499374389648438e-01 4.322018623352050781e-01
4.758851528167724609e-01 4.806158542633056641e-01
5.059428215026855469e-01 4.570261836051940918e-01
4.610570073127746582e-01 4.784765839576721191e-01
3.229904472827911377e-01 2.740699052810668945e-01
4.968338608741760254e-01 4.761250913143157959e-01
3.435554504394531250e-01 2.666513919830322266e-01
5.036755800247192383e-01 4.442498087882995605e-01
4.821016490459442139e-01 3.909661471843719482e-01
6.742478609085083008e-01 4.464721679687500000e-01
6.956443786621093750e-01 3.904741406440734863e-01
7.153617739677429199e-01 4.094459712505340576e-01
6.983689665794372559e-01 4.036441743373870850e-01
