5.021009445190429688e-01 5.122757554054260254e-01
5.020717382431030273e-01 5.127383470535278320e-01
4.939759969711303711e-01 5.091043710708618164e-01
5.251482129096984863e-01 5.016946196556091309e-01
5.178359746932983398e-01 4.601905047893524170e-01
5.686892271041870117e-01 5.053955316543579102e-01
5.544274449348449707e-01 4.612246155738830566e-01
5.839143991470336914e-01 5.139311552047729492e-01
5.469780564308166504e-01 3.447570800781250000e-01
5.727418661117553711e-01 5.019102096557617188e-01
4.257237315177917480e-01 8.317127823829650879e-02
6.825167536735534668e-01 5.205748081207275391e-01
6.775225996971130371e-01 4.910301566123962402e-01
8.288686275482177734e-01 5.428274869918823242e-01
8.189136981964111328e-01 5.011228322982788086e-01
9.218490123748779297e-01 5.730159282684326172e-01
9.158453345298767090e-01 5.270000696182250977e-01
