3.223537206649780273e-01 5.256537795066833496e-01
3.176818490028381348e-01 5.312383174896240234e-01
3.172217309474945068e-01 5.204755067825317383e-01
3.173880875110626221e-01 5.209157466888427734e-01
4.215186536312103271e-01 5.060472488403320312e-01
3.377195298671722412e-01 5.183609724044799805e-01
2.962104678153991699e-01 3.944405019283294678e-01
3.732237517833709717e-01 5.163834691047668457e-01
3.382425308227539062e-01 3.087646365165710449e-01
4.236725568771362305e-01 4.902964532375335693e-01
4.105531871318817139e-01 8.018580824136734009e-02
4.835665225982666016e-01 4.732051491737365723e-01
4.648145437240600586e-01 3.974198997020721436e-01
7.266513705253601074e-01 5.163508653640747070e-01
7.140273451805114746e-01 4.588457942008972168e-01
9.234120845794677734e-01 5.763343572616577148e-01
7.710074782371520996e-01 4.134583175182342529e-01
