4.957946240901947021e-01 5.269886851310729980e-01
4.935427904129028320e-01 5.232363939285278320e-01
4.940586686134338379e-01 5.266594886779785156e-01
5.135906934738159180e-01 5.275491476058959961e-01
5.061255693435668945e-01 5.338309407234191895e-01
5.521160364151000977e-01 5.396338701248168945e-01
5.490548014640808105e-01 5.580189824104309082e-01
6.159105300903320312e-01 5.409272909164428711e-01
6.108897924423217773e-01 5.518120527267456055e-01
6.403288245201110840e-01 5.254753828048706055e-01
6.335008740425109863e-01 5.293198823928833008e-01
6.497347354888916016e-01 5.376747846603393555e-01
6.358624100685119629e-01 5.511658787727355957e-01
6.977614164352416992e-01 5.462617278099060059e-01
6.769353747367858887e-01 5.451662540435791016e-01
7.836587429046630859e-01 5.624947547912597656e-01
7.798637151718139648e-01 5.636433362960815430e-01
