5.053149461746215820e-01 7.315578460693359375e-01
5.004947185516357422e-01 7.332103252410888672e-01
5.027577877044677734e-01 7.321764826774597168e-01
4.990842938423156738e-01 7.356860637664794922e-01
5.018377900123596191e-01 7.316466569900512695e-01
5.173633098602294922e-01 7.291411757469177246e-01
5.156781077384948730e-01 7.275010943412780762e-01
5.400394797325134277e-01 7.352716326713562012e-01
5.371739268302917480e-01 7.301313281059265137e-01
5.569276213645935059e-01 7.390066981315612793e-01
5.513510704040527344e-01 7.353693246841430664e-01
5.607666969299316406e-01 7.375642061233520508e-01
5.591787099838256836e-01 7.366937994956970215e-01
5.986030101776123047e-01 7.383635044097900391e-01
5.967704057693481445e-01 7.361146211624145508e-01
6.404289007186889648e-01 7.404724359512329102e-01
6.414997577667236328e-01 7.347943186759948730e-01
