3.791274428367614746e-01 5.146770477294921875e-01
3.772403597831726074e-01 5.139539241790771484e-01
3.765809535980224609e-01 5.144590735435485840e-01
3.922714889049530029e-01 5.165551900863647461e-01
3.867893815040588379e-01 5.099549293518066406e-01
4.146024882793426514e-01 5.151522159576416016e-01
3.992815017700195312e-01 4.898048639297485352e-01
3.557072579860687256e-01 4.920029640197753906e-01
3.379096388816833496e-01 4.731386303901672363e-01
2.564995586872100830e-01 4.773125350475311279e-01
2.577358484268188477e-01 4.637438952922821045e-01
5.484813451766967773e-01 4.724065065383911133e-01
5.407007932662963867e-01 4.504029750823974609e-01
6.789380311965942383e-01 4.623306989669799805e-01
6.750041842460632324e-01 4.339831471443176270e-01
8.124036788940429688e-01 4.783456027507781982e-01
8.023373484611511230e-01 4.385956227779388428e-01
