5.142301321029663086e-01 4.601872861385345459e-01
5.060330033302307129e-01 4.487259387969970703e-01
5.078412890434265137e-01 4.457962214946746826e-01
5.048505067825317383e-01 4.674320220947265625e-01
5.084751844406127930e-01 4.446066021919250488e-01
5.397744178771972656e-01 4.703656435012817383e-01
5.393836498260498047e-01 4.614135026931762695e-01
5.883565545082092285e-01 4.876669645309448242e-01
5.816147327423095703e-01 4.422479867935180664e-01
6.325203180313110352e-01 4.885564744472503662e-01
5.973203182220458984e-01 4.371487498283386230e-01
6.380549669265747070e-01 4.882886409759521484e-01
6.410951614379882812e-01 4.648274183273315430e-01
7.135254740715026855e-01 4.939111471176147461e-01
7.074096202850341797e-01 4.728769063949584961e-01
8.009637594223022461e-01 5.366125106811523438e-01
8.228763341903686523e-01 4.427173137664794922e-01
