4.690179824829101562e-01 5.338608026504516602e-01
4.707884788513183594e-01 5.331456661224365234e-01
4.614608287811279297e-01 5.287755727767944336e-01
4.927356243133544922e-01 5.320344567298889160e-01
4.842743277549743652e-01 5.237483382225036621e-01
5.025132298469543457e-01 5.400466322898864746e-01
5.040763616561889648e-01 5.267373323440551758e-01
4.406223297119140625e-01 5.377323031425476074e-01
4.619925618171691895e-01 5.226544141769409180e-01
4.883582293987274170e-01 5.249420404434204102e-01
4.890432059764862061e-01 5.184040069580078125e-01
6.054241657257080078e-01 5.604044795036315918e-01
5.948138236999511719e-01 5.417591333389282227e-01
6.047394275665283203e-01 5.598407983779907227e-01
5.918817520141601562e-01 5.354068279266357422e-01
4.549697041511535645e-01 1.237866431474685669e-01
5.776431560516357422e-01 5.253719091415405273e-01
