6.110225915908813477e-01 4.811781346797943115e-01
6.177870035171508789e-01 4.772273898124694824e-01
6.140453219413757324e-01 4.719884991645812988e-01
6.492075324058532715e-01 4.754737019538879395e-01
6.313008069992065430e-01 4.689753949642181396e-01
6.462013125419616699e-01 4.990757703781127930e-01
6.271954774856567383e-01 4.799991548061370850e-01
5.626609921455383301e-01 5.100457072257995605e-01
5.268968939781188965e-01 4.511638283729553223e-01
4.631080031394958496e-01 5.243247747421264648e-01
4.660285413265228271e-01 5.148015022277832031e-01
5.669608116149902344e-01 4.948123097419738770e-01
5.552567839622497559e-01 4.788549840450286865e-01
6.275810003280639648e-01 4.985134303569793701e-01
5.756664276123046875e-01 4.396687746047973633e-01
5.868547558784484863e-01 4.911334514617919922e-01
5.731171965599060059e-01 4.136123061180114746e-01
