5.926331281661987305e-01 4.876812696456909180e-01
5.978688001632690430e-01 4.844714999198913574e-01
5.939080715179443359e-01 4.871026277542114258e-01
6.338266730308532715e-01 4.871855974197387695e-01
6.244909763336181641e-01 4.893882870674133301e-01
6.452075242996215820e-01 4.944679439067840576e-01
6.456649303436279297e-01 5.008605718612670898e-01
5.765264034271240234e-01 5.054733753204345703e-01
5.747511386871337891e-01 5.115157365798950195e-01
5.242846012115478516e-01 5.142136216163635254e-01
5.259601473808288574e-01 5.124511122703552246e-01
6.502544283866882324e-01 4.835319519042968750e-01
6.529079675674438477e-01 4.991711974143981934e-01
6.268549561500549316e-01 4.703628420829772949e-01
6.270284652709960938e-01 4.646079242229461670e-01
6.179350614547729492e-01 4.587608575820922852e-01
6.233696937561035156e-01 4.373509883880615234e-01
