5.170524716377258301e-01 4.360374212265014648e-01
5.086382627487182617e-01 4.304248094558715820e-01
5.090991854667663574e-01 4.339551925659179688e-01
5.129603147506713867e-01 4.330035448074340820e-01
5.157285928726196289e-01 4.521853625774383545e-01
5.577914714813232422e-01 4.590091705322265625e-01
5.499095916748046875e-01 4.818071126937866211e-01
6.103405952453613281e-01 4.746951758861541748e-01
5.947226285934448242e-01 5.004892349243164062e-01
6.416715383529663086e-01 4.892860352993011475e-01
6.547408103942871094e-01 4.972041249275207520e-01
6.514950990676879883e-01 4.926493763923645020e-01
6.475852131843566895e-01 5.016657710075378418e-01
7.359110116958618164e-01 4.954138994216918945e-01
7.357553243637084961e-01 5.312799215316772461e-01
8.515192270278930664e-01 4.863623082637786865e-01
8.031550645828247070e-01 5.906571745872497559e-01
