5.163189172744750977e-01 5.226103067398071289e-01
5.127295851707458496e-01 5.215290188789367676e-01
5.124237537384033203e-01 5.192593336105346680e-01
5.247140526771545410e-01 5.280268192291259766e-01
5.220561027526855469e-01 5.223829150199890137e-01
5.652745962142944336e-01 5.491765737533569336e-01
5.583738088607788086e-01 5.357776880264282227e-01
6.149699091911315918e-01 5.398788452148437500e-01
5.767796635627746582e-01 5.287661552429199219e-01
2.256594300270080566e-01 9.777972102165222168e-01
6.117757558822631836e-01 5.141937732696533203e-01
6.451189517974853516e-01 5.418013334274291992e-01
6.429863572120666504e-01 5.371288657188415527e-01
6.702810525894165039e-01 5.378364324569702148e-01
6.558599472045898438e-01 5.317872762680053711e-01
4.048337936401367188e-01 8.878445029258728027e-01
6.803807616233825684e-01 5.245646834373474121e-01
