2.172468602657318115e-01 5.124595165252685547e-01
2.144776284694671631e-01 5.117816329002380371e-01
2.156312316656112671e-01 5.115275382995605469e-01
2.136012613773345947e-01 5.082648396492004395e-01
2.145464420318603516e-01 5.104355812072753906e-01
2.268735617399215698e-01 5.104347467422485352e-01
2.287294864654541016e-01 5.112487077713012695e-01
2.501279711723327637e-01 5.254982709884643555e-01
2.526159286499023438e-01 5.115624666213989258e-01
2.679628431797027588e-01 5.229699015617370605e-01
2.690501809120178223e-01 5.197132825851440430e-01
2.666200399398803711e-01 5.263236761093139648e-01
2.677733302116394043e-01 5.244434475898742676e-01
2.877185642719268799e-01 5.260962843894958496e-01
2.870178818702697754e-01 5.244085788726806641e-01
3.023471534252166748e-01 5.227746963500976562e-01
3.012982606887817383e-01 5.220814347267150879e-01
