4.433658719062805176e-01 4.852201342582702637e-01
4.405594468116760254e-01 4.871246218681335449e-01
4.375022649765014648e-01 4.823380410671234131e-01
4.505639970302581787e-01 4.889742136001586914e-01
4.384335875511169434e-01 4.788449704647064209e-01
4.789931774139404297e-01 4.951431155204772949e-01
4.561232924461364746e-01 4.744107127189636230e-01
4.071319699287414551e-01 5.097527503967285156e-01
3.632974326610565186e-01 5.066379308700561523e-01
3.588477373123168945e-01 4.990400969982147217e-01
3.405171036720275879e-01 5.026350021362304688e-01
5.916593074798583984e-01 4.891093671321868896e-01
5.745608806610107422e-01 4.795735478401184082e-01
7.079181671142578125e-01 4.653082787990570068e-01
6.865707635879516602e-01 4.626174569129943848e-01
8.249261379241943359e-01 4.398674964904785156e-01
7.171041965484619141e-01 4.514392316341400146e-01
