4.442739188671112061e-01 5.465607643127441406e-01
4.471734762191772461e-01 5.509487986564636230e-01
4.444191157817840576e-01 5.455536842346191406e-01
4.734727144241333008e-01 5.478670597076416016e-01
4.693042933940887451e-01 5.001341700553894043e-01
4.915637373924255371e-01 5.496121048927307129e-01
4.874985814094543457e-01 4.692682921886444092e-01
4.797127246856689453e-01 5.407384634017944336e-01
5.570318698883056641e-01 3.961758017539978027e-01
5.131508111953735352e-01 5.239098668098449707e-01
5.678634643554687500e-01 3.936441838741302490e-01
5.484382510185241699e-01 5.020198822021484375e-01
5.218895077705383301e-01 4.424409270286560059e-01
6.584280133247375488e-01 4.794449806213378906e-01
6.283717155456542969e-01 4.337155818939208984e-01
7.599909305572509766e-01 4.727264642715454102e-01
6.288024783134460449e-01 4.258426129817962646e-01
