3.929798603057861328e-01 4.842445254325866699e-01
4.041149318218231201e-01 4.773567914962768555e-01
3.878463208675384521e-01 4.765604734420776367e-01
5.015265345573425293e-01 4.667036533355712891e-01
4.352471828460693359e-01 4.904305636882781982e-01
5.257618427276611328e-01 4.992066621780395508e-01
4.610687494277954102e-01 4.969037175178527832e-01
4.166016280651092529e-01 4.906996190547943115e-01
3.587929904460906982e-01 4.518993496894836426e-01
3.802790343761444092e-01 4.779940545558929443e-01
3.537105321884155273e-01 4.282741248607635498e-01
5.762054920196533203e-01 4.945356249809265137e-01
5.266954898834228516e-01 4.982294738292694092e-01
6.232123374938964844e-01 5.024279356002807617e-01
5.080780386924743652e-01 4.883717000484466553e-01
8.216907978057861328e-01 4.749887585639953613e-01
5.113137960433959961e-01 4.766212701797485352e-01
