2.556537985801696777e-01 5.412859320640563965e-01
2.529793977737426758e-01 5.409493446350097656e-01
2.472100555896759033e-01 5.232931375503540039e-01
2.592830061912536621e-01 5.405247211456298828e-01
2.635573148727416992e-01 5.296998023986816406e-01
3.035567402839660645e-01 5.555225610733032227e-01
3.063710927963256836e-01 5.246993899345397949e-01
3.468080163002014160e-01 5.592560172080993652e-01
3.633362650871276855e-01 5.119634270668029785e-01
3.419073522090911865e-01 5.461612939834594727e-01
3.987205624580383301e-01 5.141103267669677734e-01
4.203110933303833008e-01 5.466212034225463867e-01
4.192866086959838867e-01 5.218740701675415039e-01
5.008289217948913574e-01 5.352787971496582031e-01
5.060486793518066406e-01 5.211499929428100586e-01
5.716379880905151367e-01 5.241600871086120605e-01
5.719206333160400391e-01 5.119718313217163086e-01
