5.179334878921508789e-01 4.618576169013977051e-01
5.121313333511352539e-01 4.635582566261291504e-01
5.150877237319946289e-01 4.582720696926116943e-01
5.056952834129333496e-01 4.677735269069671631e-01
5.106676816940307617e-01 4.495284557342529297e-01
5.430800914764404297e-01 4.762395322322845459e-01
5.479098558425903320e-01 4.508584737777709961e-01
6.384751796722412109e-01 4.703344702720642090e-01
6.345375180244445801e-01 4.376100003719329834e-01
6.378649473190307617e-01 4.513731598854064941e-01
6.353050470352172852e-01 4.433333277702331543e-01
6.557933092117309570e-01 4.668890237808227539e-01
6.703516244888305664e-01 4.516245126724243164e-01
8.186013102531433105e-01 4.567805528640747070e-01
8.193628787994384766e-01 4.613379240036010742e-01
9.091935157775878906e-01 4.654006958007812500e-01
9.115417003631591797e-01 4.582630991935729980e-01
