4.932226836681365967e-01 5.250585079193115234e-01
4.911040663719177246e-01 5.240045785903930664e-01
4.911792874336242676e-01 5.222984552383422852e-01
5.025494694709777832e-01 5.295559167861938477e-01
4.986724853515625000e-01 5.226185917854309082e-01
5.270569324493408203e-01 5.402630567550659180e-01
5.200435519218444824e-01 5.290930867195129395e-01
5.536454916000366211e-01 5.414456725120544434e-01
5.258308053016662598e-01 5.222020149230957031e-01
5.085864067077636719e-01 5.190451145172119141e-01
5.049853920936584473e-01 5.128821730613708496e-01
6.101740002632141113e-01 5.480596423149108887e-01
5.699284672737121582e-01 5.356308221817016602e-01
6.324905157089233398e-01 5.448938012123107910e-01
6.248005628585815430e-01 5.370038747787475586e-01
6.797884702682495117e-01 5.356419086456298828e-01
6.722187995910644531e-01 5.251161456108093262e-01
