4.727925956249237061e-01 6.418901681900024414e-01
4.725558757781982422e-01 6.432365179061889648e-01
4.696447253227233887e-01 6.422713994979858398e-01
4.966586828231811523e-01 6.321481466293334961e-01
4.884898066520690918e-01 6.176111698150634766e-01
5.381621122360229492e-01 5.727308988571166992e-01
5.337567329406738281e-01 5.525277853012084961e-01
5.811386108398437500e-01 5.580831766128540039e-01
5.808514356613159180e-01 5.584396719932556152e-01
5.965963602066040039e-01 5.537171363830566406e-01
5.961945056915283203e-01 5.535584688186645508e-01
5.445455908775329590e-01 5.153673291206359863e-01
5.389083027839660645e-01 4.893337488174438477e-01
6.120429039001464844e-01 5.472085475921630859e-01
5.969580411911010742e-01 5.288098454475402832e-01
6.235826015472412109e-01 5.387873053550720215e-01
6.014165282249450684e-01 5.489038228988647461e-01
