3.530377149581909180e-01 4.381502568721771240e-01
3.345053195953369141e-01 4.199747443199157715e-01
3.351794183254241943e-01 4.212638735771179199e-01
3.665090501308441162e-01 4.345464110374450684e-01
3.688494861125946045e-01 4.411744773387908936e-01
3.883877694606781006e-01 4.548079967498779297e-01
4.032109677791595459e-01 4.707072973251342773e-01
3.851072490215301514e-01 4.644753336906433105e-01
4.001552462577819824e-01 4.796955287456512451e-01
3.787835538387298584e-01 4.534211158752441406e-01
3.881718814373016357e-01 4.546163082122802734e-01
5.206438899040222168e-01 5.077375173568725586e-01
5.215530395507812500e-01 5.188604593276977539e-01
6.841123104095458984e-01 5.299626588821411133e-01
6.429872512817382812e-01 5.293045639991760254e-01
8.194234371185302734e-01 5.633264780044555664e-01
8.238410949707031250e-01 5.668888092041015625e-01
