4.328003823757171631e-01 4.416530132293701172e-01
4.204455614089965820e-01 4.456224441528320312e-01
4.287126660346984863e-01 4.388211667537689209e-01
4.177455604076385498e-01 4.575234055519104004e-01
4.306938052177429199e-01 4.430011510848999023e-01
4.249750971794128418e-01 4.842171669006347656e-01
4.833912849426269531e-01 4.436770379543304443e-01
3.465788960456848145e-01 4.931715130805969238e-01
5.443900823593139648e-01 4.784014821052551270e-01
3.014490604400634766e-01 5.414595603942871094e-01
5.754020810127258301e-01 4.915161728858947754e-01
5.508163571357727051e-01 4.959425628185272217e-01
5.708968043327331543e-01 4.734508991241455078e-01
6.496987342834472656e-01 5.253936052322387695e-01
6.886221766471862793e-01 4.876315593719482422e-01
7.124445438385009766e-01 5.521231889724731445e-01
7.982736825942993164e-01 4.988388419151306152e-01
