3.657840192317962646e-01 4.353511035442352295e-01
3.565912246704101562e-01 4.339959621429443359e-01
3.575077056884765625e-01 4.301779270172119141e-01
3.675644397735595703e-01 4.469778239727020264e-01
3.686435818672180176e-01 4.254857897758483887e-01
4.005067348480224609e-01 4.574117064476013184e-01
4.099893569946289062e-01 4.145545959472656250e-01
3.616909980773925781e-01 4.492348432540893555e-01
3.933176696300506592e-01 4.098505377769470215e-01
3.213668465614318848e-01 4.416246116161346436e-01
3.381423354148864746e-01 4.322257936000823975e-01
5.364910960197448730e-01 4.556593596935272217e-01
5.395486354827880859e-01 4.293808937072753906e-01
6.396843194961547852e-01 4.320828318595886230e-01
6.449282169342041016e-01 4.176926314830780029e-01
7.535074949264526367e-01 4.171513319015502930e-01
7.560530900955200195e-01 4.125461578369140625e-01
