3.286653757095336914e-01 6.153362989425659180e-01
3.107852339744567871e-01 6.297817230224609375e-01
3.095370829105377197e-01 6.018389463424682617e-01
3.278462290763854980e-01 6.424247026443481445e-01
3.337214887142181396e-01 5.789673328399658203e-01
4.141991138458251953e-01 6.565285921096801758e-01
4.194936454296112061e-01 5.304580330848693848e-01
4.937520921230316162e-01 6.482557058334350586e-01
5.118991732597351074e-01 5.101803541183471680e-01
5.336134433746337891e-01 6.750532984733581543e-01
5.599983930587768555e-01 4.979422986507415771e-01
5.797961354255676270e-01 5.776519775390625000e-01
5.855118036270141602e-01 5.244861841201782227e-01
7.266254425048828125e-01 5.459374785423278809e-01
7.248883247375488281e-01 5.392510294914245605e-01
8.318674564361572266e-01 6.121860742568969727e-01
8.322381973266601562e-01 6.063463687896728516e-01
