3.619140386581420898e-01 4.087117314338684082e-01
3.551261425018310547e-01 4.141660332679748535e-01
3.552982807159423828e-01 4.018222689628601074e-01
3.604626357555389404e-01 4.181452989578247070e-01
3.609365820884704590e-01 3.910394906997680664e-01
4.100403785705566406e-01 4.225144982337951660e-01
4.134976267814636230e-01 3.650451898574829102e-01
4.542861580848693848e-01 4.424690902233123779e-01
4.431881606578826904e-01 3.451775908470153809e-01
4.649143815040588379e-01 4.490950703620910645e-01
4.493246674537658691e-01 3.675860762596130371e-01
5.435990095138549805e-01 3.989774584770202637e-01
5.498296618461608887e-01 3.638661801815032959e-01
6.607588529586791992e-01 3.962077796459197998e-01
6.629678606986999512e-01 3.883106410503387451e-01
7.597037553787231445e-01 4.088442921638488770e-01
7.693880796432495117e-01 4.008370637893676758e-01
