5.438367724418640137e-01 4.883707761764526367e-01
5.379449129104614258e-01 4.950756430625915527e-01
5.367732644081115723e-01 4.808295965194702148e-01
5.490794777870178223e-01 5.012629032135009766e-01
5.444665551185607910e-01 4.659757018089294434e-01
5.812612771987915039e-01 5.082689523696899414e-01
5.868407487869262695e-01 4.386493563652038574e-01
6.517269611358642578e-01 5.042027831077575684e-01
6.691812276840209961e-01 4.317069053649902344e-01
5.852291584014892578e-01 4.887697696685791016e-01
7.230216860771179199e-01 4.294806420803070068e-01
7.059606313705444336e-01 4.885026216506958008e-01
7.151761054992675781e-01 4.562758803367614746e-01
8.190381526947021484e-01 4.909783601760864258e-01
8.177272081375122070e-01 4.638395309448242188e-01
9.122962355613708496e-01 4.951799511909484863e-01
9.135555028915405273e-01 4.584318399429321289e-01
