4.509901702404022217e-01 5.289819240570068359e-01
4.510518312454223633e-01 5.377845764160156250e-01
4.409685134887695312e-01 5.254222750663757324e-01
4.757769107818603516e-01 5.373002290725708008e-01
4.987424015998840332e-01 4.743756949901580811e-01
5.152242779731750488e-01 5.210959911346435547e-01
5.130254626274108887e-01 4.518882930278778076e-01
5.090368986129760742e-01 5.097998380661010742e-01
5.077704191207885742e-01 3.332639336585998535e-01
4.714238345623016357e-01 5.237870216369628906e-01
3.778786361217498779e-01 2.735828161239624023e-01
6.176307201385498047e-01 4.686536788940429688e-01
6.174663305282592773e-01 4.205224514007568359e-01
7.942566275596618652e-01 4.504349231719970703e-01
8.100320696830749512e-01 4.124775528907775879e-01
9.155001640319824219e-01 4.413207173347473145e-01
9.167198538780212402e-01 3.954895436763763428e-01
