4.855635762214660645e-01 5.362376570701599121e-01
4.842333793640136719e-01 5.343136787414550781e-01
4.829413890838623047e-01 5.326136350631713867e-01
5.013343691825866699e-01 5.280565023422241211e-01
4.979250133037567139e-01 5.221075415611267090e-01
5.314233899116516113e-01 5.337168574333190918e-01
5.311129093170166016e-01 5.250226855278015137e-01
4.964900910854339600e-01 5.397783517837524414e-01
4.784581363201141357e-01 5.348670482635498047e-01
4.342178106307983398e-01 5.440599918365478516e-01
4.340184628963470459e-01 5.399507880210876465e-01
6.561824679374694824e-01 5.413789153099060059e-01
6.576644182205200195e-01 5.291926264762878418e-01
7.498080730438232422e-01 5.562139749526977539e-01
7.549893260002136230e-01 5.406796336174011230e-01
8.768087625503540039e-01 5.076259970664978027e-01
8.602551221847534180e-01 5.085744857788085938e-01
