6.022584438323974609e-01 4.907301664352416992e-01
5.935328602790832520e-01 4.948244690895080566e-01
5.937604308128356934e-01 4.875632524490356445e-01
5.942067503929138184e-01 4.918597340583801270e-01
5.953842997550964355e-01 4.773934781551361084e-01
6.392454504966735840e-01 4.880505800247192383e-01
6.386804580688476562e-01 4.559183120727539062e-01
6.219592094421386719e-01 5.213861465454101562e-01
6.392073035240173340e-01 4.891602396965026855e-01
5.623006820678710938e-01 5.686093568801879883e-01
5.591317415237426758e-01 4.876506030559539795e-01
7.652755975723266602e-01 4.895780682563781738e-01
7.697654962539672852e-01 4.720392227172851562e-01
8.822597265243530273e-01 4.728847146034240723e-01
8.884868621826171875e-01 4.722221493721008301e-01
9.420189857482910156e-01 4.590631425380706787e-01
9.457482099533081055e-01 4.621438384056091309e-01
