1.415587067604064941e-01 4.092960357666015625e-01
1.330120861530303955e-01 4.150503873825073242e-01
1.349760591983795166e-01 3.971942663192749023e-01
1.345789134502410889e-01 4.120727181434631348e-01
1.373154073953628540e-01 3.748817443847656250e-01
2.007564902305603027e-01 4.117657840251922607e-01
2.072943449020385742e-01 3.659744262695312500e-01
3.041948378086090088e-01 4.513166844844818115e-01
4.071927964687347412e-01 4.667561948299407959e-01
5.209999084472656250e-01 5.009144544601440430e-01
5.224771499633789062e-01 5.024390220642089844e-01
4.201093316078186035e-01 4.368064403533935547e-01
4.606117904186248779e-01 4.524900913238525391e-01
5.632758140563964844e-01 5.050083398818969727e-01
5.636102557182312012e-01 5.092208981513977051e-01
6.678740382194519043e-01 5.452173352241516113e-01
6.678190231323242188e-01 5.475593805313110352e-01
