4.058675765991210938e-01 4.750092625617980957e-01
3.989351689815521240e-01 4.807949066162109375e-01
3.984769582748413086e-01 4.758082628250122070e-01
4.023896455764770508e-01 4.886239171028137207e-01
4.015431106090545654e-01 4.819170236587524414e-01
4.411837756633758545e-01 4.982097744941711426e-01
4.444383382797241211e-01 4.734619259834289551e-01
3.423285484313964844e-01 5.253004431724548340e-01
4.411506354808807373e-01 4.848769903182983398e-01
2.564060986042022705e-01 5.522742271423339844e-01
3.751049637794494629e-01 5.029920339584350586e-01
5.685058236122131348e-01 4.950370788574218750e-01
5.708663463592529297e-01 4.743440151214599609e-01
7.117414474487304688e-01 5.024061203002929688e-01
6.981620788574218750e-01 4.908374249935150146e-01
8.284711837768554688e-01 5.065817236900329590e-01
8.049389719963073730e-01 4.987141788005828857e-01
