5.694962739944458008e-01 5.084164142608642578e-01
5.613663792610168457e-01 5.101915001869201660e-01
5.613589882850646973e-01 5.023547410964965820e-01
5.733226537704467773e-01 5.107645988464355469e-01
5.692136287689208984e-01 4.985637068748474121e-01
6.128906011581420898e-01 5.473489165306091309e-01
6.281801462173461914e-01 4.915980994701385498e-01
5.900185704231262207e-01 5.939558744430541992e-01
6.464524865150451660e-01 5.271533727645874023e-01
5.533783435821533203e-01 6.255617141723632812e-01
6.127539873123168945e-01 5.278948545455932617e-01
7.471343278884887695e-01 5.984584689140319824e-01
7.623731493949890137e-01 5.810247659683227539e-01
8.799488544464111328e-01 6.167025566101074219e-01
8.925696611404418945e-01 6.160220503807067871e-01
9.761627912521362305e-01 6.196155548095703125e-01
9.270366430282592773e-01 6.204228997230529785e-01
