5.932143926620483398e-01 4.986160993576049805e-01
5.857520699501037598e-01 5.087110996246337891e-01
5.837708711624145508e-01 4.915551543235778809e-01
5.968278646469116211e-01 5.311808586120605469e-01
5.915781259536743164e-01 4.855315089225769043e-01
6.487407684326171875e-01 5.575175285339355469e-01
6.472009420394897461e-01 4.986931681632995605e-01
7.048382759094238281e-01 5.788121819496154785e-01
6.870848536491394043e-01 4.359428882598876953e-01
6.465173959732055664e-01 5.495519638061523438e-01
6.424325704574584961e-01 5.099183320999145508e-01
7.832152247428894043e-01 5.906940698623657227e-01
7.853478789329528809e-01 5.679993033409118652e-01
8.783425688743591309e-01 6.133499741554260254e-01
8.820216655731201172e-01 6.126565337181091309e-01
9.700070619583129883e-01 6.147330999374389648e-01
9.771993160247802734e-01 6.178975105285644531e-01
