2.633461952209472656e-01 5.017433166503906250e-01
2.593562006950378418e-01 5.002568364143371582e-01
2.602054774761199951e-01 4.992924332618713379e-01
2.665529847145080566e-01 4.929836392402648926e-01
2.668008506298065186e-01 4.903330206871032715e-01
3.019289970397949219e-01 5.030895471572875977e-01
3.104966878890991211e-01 4.949130713939666748e-01
3.251240849494934082e-01 5.044847726821899414e-01
3.517968654632568359e-01 4.951956272125244141e-01
2.639487385749816895e-01 4.831267595291137695e-01
2.650693655014038086e-01 4.798777699470520020e-01
4.259252250194549561e-01 5.113538503646850586e-01
4.270443916320800781e-01 5.086436271667480469e-01
5.166067481040954590e-01 5.154090523719787598e-01
5.297472476959228516e-01 5.258980989456176758e-01
5.614287853240966797e-01 5.151540637016296387e-01
5.702542066574096680e-01 5.196099877357482910e-01
