2.298994511365890503e-01 5.661618709564208984e-01
2.244577854871749878e-01 5.662482976913452148e-01
2.265350222587585449e-01 5.671687126159667969e-01
2.260104417800903320e-01 5.676677227020263672e-01
2.289533615112304688e-01 5.690096616744995117e-01
2.348593473434448242e-01 5.588582754135131836e-01
2.414560317993164062e-01 5.663970708847045898e-01
2.502699494361877441e-01 5.574909448623657227e-01
2.511840462684631348e-01 5.568591356277465820e-01
2.723810374736785889e-01 5.590085983276367188e-01
2.754281461238861084e-01 5.582323670387268066e-01
2.936553657054901123e-01 5.496637225151062012e-01
2.946178019046783447e-01 5.529588460922241211e-01
2.956937551498413086e-01 5.559700727462768555e-01
2.987167835235595703e-01 5.589110851287841797e-01
3.088888525962829590e-01 5.570304989814758301e-01
3.094961643218994141e-01 5.616316795349121094e-01
