5.600161552429199219e-01 4.613057374954223633e-01
5.482378005981445312e-01 4.694622755050659180e-01
5.495004057884216309e-01 4.555250108242034912e-01
5.459648966789245605e-01 4.797314405441284180e-01
5.484524369239807129e-01 4.481425881385803223e-01
5.830879807472229004e-01 4.867256879806518555e-01
5.880374908447265625e-01 4.372896552085876465e-01
6.612783670425415039e-01 4.950788021087646484e-01
6.652408838272094727e-01 4.334128797054290771e-01
6.636108160018920898e-01 4.804937243461608887e-01
6.678499579429626465e-01 4.380392432212829590e-01
6.977791786193847656e-01 4.746945500373840332e-01
6.973134875297546387e-01 4.421519935131072998e-01
8.231860995292663574e-01 4.745020270347595215e-01
8.280099630355834961e-01 4.420925974845886230e-01
9.090732336044311523e-01 4.949910342693328857e-01
9.139643907546997070e-01 4.427483975887298584e-01
