3.776128292083740234e-01 3.837292194366455078e-01
3.708899915218353271e-01 3.895943760871887207e-01
3.733516335487365723e-01 3.773618340492248535e-01
3.811722397804260254e-01 4.093639254570007324e-01
3.923960328102111816e-01 3.838633894920349121e-01
4.136222600936889648e-01 4.339250326156616211e-01
4.482613503932952881e-01 3.867335915565490723e-01
3.336326777935028076e-01 3.884606957435607910e-01
5.205402374267578125e-01 4.020522236824035645e-01
2.966379225254058838e-01 3.694925904273986816e-01
2.819404006004333496e-01 3.490958213806152344e-01
5.405108332633972168e-01 4.793261289596557617e-01
5.528515577316284180e-01 4.421612024307250977e-01
6.701745390892028809e-01 4.973370432853698730e-01
6.830212473869323730e-01 4.507419764995574951e-01
7.936937808990478516e-01 5.146195292472839355e-01
8.067471385002136230e-01 4.677845239639282227e-01
