5.155860185623168945e-01 4.866836965084075928e-01
5.462032556533813477e-01 4.803418517112731934e-01
5.444407463073730469e-01 4.854612946510314941e-01
6.353500485420227051e-01 4.746567904949188232e-01
5.909944772720336914e-01 4.878344535827636719e-01
5.289419889450073242e-01 4.769708514213562012e-01
5.225039124488830566e-01 5.152850151062011719e-01
4.486683011054992676e-01 4.489917159080505371e-01
4.580504596233367920e-01 4.975599050521850586e-01
4.718757569789886475e-01 4.508063197135925293e-01
5.277938842773437500e-01 4.770169258117675781e-01
4.227153658866882324e-01 5.077160596847534180e-01
4.375686645507812500e-01 5.216969847679138184e-01
5.930721759796142578e-01 4.670659005641937256e-01
5.724482536315917969e-01 4.750026166439056396e-01
6.265078783035278320e-01 4.923013448715209961e-01
6.077044010162353516e-01 4.996841847896575928e-01
