3.354134783148765564e-02 3.329341411590576172e-01
2.937950938940048218e-02 3.380881547927856445e-01
4.251378029584884644e-02 3.106980323791503906e-01
3.877331689000129700e-02 3.608847856521606445e-01
4.306913539767265320e-02 3.012406527996063232e-01
1.831884384155273438e-01 3.492884635925292969e-01
2.013113945722579956e-01 2.492992579936981201e-01
2.169378101825714111e-01 3.833898901939392090e-01
1.791931241750717163e-01 1.827551424503326416e-01
2.678368091583251953e-01 3.595032393932342529e-01
3.326088190078735352e-01 1.126857995986938477e-01
3.400971591472625732e-01 4.269128441810607910e-01
3.526845872402191162e-01 3.596076965332031250e-01
4.480594992637634277e-01 3.871317803859710693e-01
4.753756523132324219e-01 3.587408959865570068e-01
6.183372735977172852e-01 4.488780498504638672e-01
6.220786571502685547e-01 4.381315410137176514e-01
