6.054043769836425781e-01 4.788168370723724365e-01
5.955631136894226074e-01 4.777788817882537842e-01
5.991805195808410645e-01 4.709397256374359131e-01
5.983499288558959961e-01 4.826428294181823730e-01
6.074652671813964844e-01 4.627586305141448975e-01
6.069954633712768555e-01 5.068378448486328125e-01
6.271573901176452637e-01 4.679282307624816895e-01
5.662484169006347656e-01 5.116659998893737793e-01
6.521031856536865234e-01 4.138440787792205811e-01
5.301436185836791992e-01 5.000965595245361328e-01
6.720035076141357422e-01 3.857238292694091797e-01
7.089018821716308594e-01 5.215303301811218262e-01
7.158036231994628906e-01 4.986573159694671631e-01
8.310039043426513672e-01 5.376118421554565430e-01
8.351058959960937500e-01 5.008505582809448242e-01
9.305688142776489258e-01 5.683997869491577148e-01
9.257761240005493164e-01 4.947611093521118164e-01
