2.113710343837738037e-01 6.018908023834228516e-01
2.004346102476119995e-01 6.117697358131408691e-01
2.028169929981231689e-01 5.947464108467102051e-01
2.057772129774093628e-01 6.217215657234191895e-01
3.087393641471862793e-01 5.464754700660705566e-01
3.389065265655517578e-01 6.025083065032958984e-01
3.550629317760467529e-01 5.379362106323242188e-01
3.633190989494323730e-01 6.093651056289672852e-01
3.696116805076599121e-01 4.980703592300415039e-01
3.222691118717193604e-01 5.985243916511535645e-01
3.827213943004608154e-01 5.179952979087829590e-01
5.543210506439208984e-01 5.674014091491699219e-01
5.402314662933349609e-01 5.258831977844238281e-01
6.789164543151855469e-01 5.572578907012939453e-01
6.687477827072143555e-01 5.368734598159790039e-01
7.952713966369628906e-01 5.502896308898925781e-01
7.884544730186462402e-01 5.432243347167968750e-01
