4.669954478740692139e-01 5.418539047241210938e-01
4.661157727241516113e-01 5.395938158035278320e-01
4.668606221675872803e-01 5.310935378074645996e-01
4.883768260478973389e-01 5.255129933357238770e-01
5.044582486152648926e-01 4.797466397285461426e-01
5.264605283737182617e-01 5.152349472045898438e-01
5.372699499130249023e-01 4.685230851173400879e-01
5.983611941337585449e-01 4.852220416069030762e-01
5.931013822555541992e-01 3.921316266059875488e-01
5.641950368881225586e-01 4.838686883449554443e-01
7.276283502578735352e-01 4.058911502361297607e-01
6.579975485801696777e-01 4.814894199371337891e-01
6.569598913192749023e-01 4.600453972816467285e-01
8.037776947021484375e-01 4.863134324550628662e-01
8.078343272209167480e-01 4.656494855880737305e-01
9.234566092491149902e-01 4.976268410682678223e-01
9.321402311325073242e-01 4.500574469566345215e-01
