5.514799356460571289e-01 4.838348329067230225e-01
5.475468039512634277e-01 4.877966046333312988e-01
5.473893880844116211e-01 4.784061610698699951e-01
5.531924962997436523e-01 4.899359345436096191e-01
5.501268506050109863e-01 4.656701683998107910e-01
5.826171636581420898e-01 4.975505471229553223e-01
5.832261443138122559e-01 4.498635232448577881e-01
6.300585865974426270e-01 5.093839764595031738e-01
6.568896770477294922e-01 4.438855648040771484e-01
5.888508558273315430e-01 5.005521774291992188e-01
7.007687091827392578e-01 4.368880391120910645e-01
6.790903806686401367e-01 4.849599301815032959e-01
6.815904974937438965e-01 4.623567759990692139e-01
7.633509635925292969e-01 4.850928187370300293e-01
7.693628072738647461e-01 4.638185203075408936e-01
8.230006098747253418e-01 4.820086658000946045e-01
7.747771143913269043e-01 4.430518150329589844e-01
