5.629121065139770508e-01 7.566683292388916016e-01
5.576996803283691406e-01 7.616133689880371094e-01
5.584854483604431152e-01 7.613817453384399414e-01
5.571680068969726562e-01 7.640120983123779297e-01
5.580083131790161133e-01 7.616454958915710449e-01
5.718815326690673828e-01 7.553107142448425293e-01
5.713967680931091309e-01 7.546486258506774902e-01
5.901407003402709961e-01 7.605358362197875977e-01
5.860044360160827637e-01 7.542036771774291992e-01
6.030648946762084961e-01 7.659705877304077148e-01
6.039304733276367188e-01 7.569276094436645508e-01
6.103168129920959473e-01 7.636733055114746094e-01
6.112265586853027344e-01 7.614247202873229980e-01
6.463940143585205078e-01 7.614755630493164062e-01
6.463829278945922852e-01 7.556407451629638672e-01
6.661170721054077148e-01 7.558605074882507324e-01
6.739658117294311523e-01 7.472764849662780762e-01
