5.534611940383911133e-01 4.782149791717529297e-01
5.561220049858093262e-01 4.865990877151489258e-01
5.522400140762329102e-01 4.738723635673522949e-01
5.770847797393798828e-01 5.032955408096313477e-01
5.720641613006591797e-01 4.649397730827331543e-01
6.067295074462890625e-01 5.203731060028076172e-01
6.129375696182250977e-01 4.611756503582000732e-01
5.726333856582641602e-01 5.610211491584777832e-01
6.228635311126708984e-01 5.102612972259521484e-01
5.255593061447143555e-01 5.976628661155700684e-01
5.600680112838745117e-01 5.064299106597900391e-01
7.008289098739624023e-01 5.253625512123107910e-01
6.965567469596862793e-01 4.979599416255950928e-01
7.103785872459411621e-01 5.076086521148681641e-01
6.353383064270019531e-01 4.694550931453704834e-01
9.394913911819458008e-01 5.015156269073486328e-01
9.292952418327331543e-01 5.035750269889831543e-01
