3.578121364116668701e-01 1.042647808790206909e-01
3.549214303493499756e-01 1.076679229736328125e-01
3.491455018520355225e-01 9.837546199560165405e-02
3.569570779800415039e-01 1.126412898302078247e-01
3.501871526241302490e-01 9.278218448162078857e-02
3.702401518821716309e-01 1.227112859487533569e-01
3.698722124099731445e-01 8.281754702329635620e-02
3.827311992645263672e-01 1.250020563602447510e-01
3.806402087211608887e-01 7.712289690971374512e-02
4.015259444713592529e-01 1.260234415531158447e-01
4.003244340419769287e-01 8.724491298198699951e-02
4.146904647350311279e-01 1.167804747819900513e-01
4.146383702754974365e-01 9.313365072011947632e-02
4.565002918243408203e-01 1.188149154186248779e-01
4.550886750221252441e-01 1.008909642696380615e-01
4.927739500999450684e-01 1.211212798953056335e-01
4.943758845329284668e-01 1.002144142985343933e-01
