5.461211204528808594e-01 4.711203277111053467e-01
5.377715826034545898e-01 4.740764796733856201e-01
5.393993854522705078e-01 4.651665091514587402e-01
5.370888113975524902e-01 4.752425551414489746e-01
5.394631624221801758e-01 4.529595077037811279e-01
5.825443267822265625e-01 4.774758815765380859e-01
5.830927491188049316e-01 4.506309926509857178e-01
6.632720828056335449e-01 4.690698385238647461e-01
6.684286594390869141e-01 4.456910789012908936e-01
6.818510293960571289e-01 4.501901566982269287e-01
6.783177256584167480e-01 4.407159686088562012e-01
7.131130099296569824e-01 4.643928706645965576e-01
7.143051624298095703e-01 4.575507640838623047e-01
8.355506658554077148e-01 4.700851440429687500e-01
8.330852985382080078e-01 4.577262103557586670e-01
9.102818965911865234e-01 4.879446923732757568e-01
9.167687296867370605e-01 4.542444348335266113e-01
