3.317241966724395752e-01 4.871018826961517334e-01
3.236484229564666748e-01 4.863985478878021240e-01
3.261187672615051270e-01 4.856872260570526123e-01
3.315223157405853271e-01 4.929614663124084473e-01
3.339584469795227051e-01 4.903789460659027100e-01
3.854644298553466797e-01 5.114201307296752930e-01
3.844152092933654785e-01 4.847053885459899902e-01
4.518381953239440918e-01 5.174387693405151367e-01
4.559450745582580566e-01 4.687074422836303711e-01
4.805873632431030273e-01 5.476058125495910645e-01
4.887487590312957764e-01 4.407255351543426514e-01
5.204478502273559570e-01 5.267666578292846680e-01
5.223125815391540527e-01 5.052136182785034180e-01
6.549562215805053711e-01 5.574657320976257324e-01
6.501373648643493652e-01 5.084055066108703613e-01
7.949954271316528320e-01 5.981857776641845703e-01
7.961078882217407227e-01 5.179228186607360840e-01
