4.131189584732055664e-01 4.434679150581359863e-01
4.031195640563964844e-01 4.482626616954803467e-01
4.040455222129821777e-01 4.383929669857025146e-01
4.007272720336914062e-01 4.527502059936523438e-01
4.019549787044525146e-01 4.323879480361938477e-01
4.429631829261779785e-01 4.590897560119628906e-01
4.468722343444824219e-01 4.172434210777282715e-01
5.092713832855224609e-01 4.707300662994384766e-01
5.068602561950683594e-01 4.085907936096191406e-01
4.620540142059326172e-01 4.560096859931945801e-01
4.924615323543548584e-01 4.008465707302093506e-01
5.842726230621337891e-01 4.625695645809173584e-01
5.883096456527709961e-01 4.382969737052917480e-01
6.852284669876098633e-01 4.742169082164764404e-01
6.898753046989440918e-01 4.525365531444549561e-01
8.006618022918701172e-01 4.771954417228698730e-01
8.093011379241943359e-01 4.504987597465515137e-01
