3.497625589370727539e-01 4.015200734138488770e-01
3.436517119407653809e-01 4.061491489410400391e-01
3.420368432998657227e-01 3.936545848846435547e-01
3.451347947120666504e-01 4.097087085247039795e-01
3.401202857494354248e-01 3.798339068889617920e-01
3.763945996761322021e-01 4.159625470638275146e-01
3.788205981254577637e-01 3.685041666030883789e-01
4.303637444972991943e-01 4.125778377056121826e-01
4.106838703155517578e-01 3.569046854972839355e-01
3.720946907997131348e-01 4.257060289382934570e-01
4.164027869701385498e-01 3.633896708488464355e-01
4.901287555694580078e-01 4.076277911663055420e-01
4.896362423896789551e-01 3.759889006614685059e-01
5.746080279350280762e-01 4.017741382122039795e-01
5.762184858322143555e-01 3.815764188766479492e-01
6.637070178985595703e-01 4.124351143836975098e-01
6.625407934188842773e-01 4.083775877952575684e-01
