2.713955640792846680e-01 1.532277762889862061e-01
2.695859968662261963e-01 1.529716253280639648e-01
2.697226107120513916e-01 1.515797227621078491e-01
2.706665992736816406e-01 1.553043127059936523e-01
2.677358984947204590e-01 1.510356366634368896e-01
2.827733755111694336e-01 1.561410129070281982e-01
2.812215983867645264e-01 1.565715968608856201e-01
3.004304766654968262e-01 1.518073081970214844e-01
2.968762218952178955e-01 1.458037197589874268e-01
3.158302009105682373e-01 1.488372683525085449e-01
3.131810426712036133e-01 1.446756571531295776e-01
3.233498334884643555e-01 1.560208052396774292e-01
3.225671052932739258e-01 1.567478328943252563e-01
3.528154492378234863e-01 1.537684500217437744e-01
3.517571687698364258e-01 1.499632745981216431e-01
3.954497277736663818e-01 1.462658047676086426e-01
3.887748718261718750e-01 1.459097713232040405e-01
