4.267036616802215576e-01 7.171723246574401855e-01
4.697985649108886719e-01 7.010041475296020508e-01
4.709830880165100098e-01 7.037221789360046387e-01
5.139899253845214844e-01 6.681889891624450684e-01
5.117262601852416992e-01 6.691464185714721680e-01
6.478860378265380859e-01 5.740343928337097168e-01
6.463981866836547852e-01 5.916619896888732910e-01
6.324764490127563477e-01 5.719232559204101562e-01
6.338206529617309570e-01 5.796757340431213379e-01
5.729292631149291992e-01 5.996812582015991211e-01
5.723043680191040039e-01 6.051874756813049316e-01
5.488448143005371094e-01 4.795163869857788086e-01
5.524412393569946289e-01 4.856377840042114258e-01
5.521621108055114746e-01 4.625400304794311523e-01
6.327074766159057617e-01 5.709418654441833496e-01
5.664207935333251953e-01 6.095870733261108398e-01
5.544270277023315430e-01 4.590924978256225586e-01
