4.565418660640716553e-01 4.551606774330139160e-01
4.484083056449890137e-01 4.570185840129852295e-01
4.513115286827087402e-01 4.499057531356811523e-01
4.667171239852905273e-01 4.559553563594818115e-01
4.742198586463928223e-01 4.472594857215881348e-01
5.113657712936401367e-01 4.784207046031951904e-01
5.259702205657958984e-01 4.649536609649658203e-01
3.790249526500701904e-01 5.214816331863403320e-01
4.425790309906005859e-01 5.006440877914428711e-01
2.791402339935302734e-01 5.381445288658142090e-01
2.982669174671173096e-01 5.352123975753784180e-01
6.784349679946899414e-01 5.188390016555786133e-01
6.852342486381530762e-01 5.210129618644714355e-01
8.589788675308227539e-01 5.458831191062927246e-01
8.581569194793701172e-01 5.578864812850952148e-01
9.852358102798461914e-01 5.492601394653320312e-01
9.825958609580993652e-01 5.680114030838012695e-01
