5.145661830902099609e-01 4.814464449882507324e-01
5.209913253784179688e-01 4.963095784187316895e-01
5.179055929183959961e-01 4.742642045021057129e-01
5.484622716903686523e-01 4.818173646926879883e-01
5.428269505500793457e-01 4.576060473918914795e-01
5.423814058303833008e-01 4.774633347988128662e-01
5.596688985824584961e-01 4.507074356079101562e-01
5.063322186470031738e-01 4.780167043209075928e-01
5.327482819557189941e-01 4.692555665969848633e-01
5.501710176467895508e-01 4.746485948562622070e-01
3.405694961547851562e-01 8.785966038703918457e-02
5.125975608825683594e-01 4.590292870998382568e-01
5.338410139083862305e-01 4.159837663173675537e-01
6.407853364944458008e-01 4.746629893779754639e-01
6.738753318786621094e-01 4.502098262310028076e-01
7.055844664573669434e-01 4.479175508022308350e-01
7.199806571006774902e-01 4.360705614089965820e-01
