6.228039860725402832e-01 5.143511295318603516e-01
6.142998337745666504e-01 5.177546143531799316e-01
6.155321598052978516e-01 5.046839714050292969e-01
6.158874034881591797e-01 5.250818729400634766e-01
6.183973550796508789e-01 4.901825189590454102e-01
6.497948169708251953e-01 5.455384254455566406e-01
6.541891694068908691e-01 4.744382500648498535e-01
6.696429252624511719e-01 6.034940481185913086e-01
6.492120027542114258e-01 4.538512825965881348e-01
6.845213174819946289e-01 6.262497901916503906e-01
6.347277164459228516e-01 4.746681153774261475e-01
7.868123054504394531e-01 5.312900543212890625e-01
7.883994579315185547e-01 4.951987862586975098e-01
8.864381313323974609e-01 5.227468013763427734e-01
8.991678953170776367e-01 5.079873204231262207e-01
9.473975896835327148e-01 5.076318979263305664e-01
9.610485434532165527e-01 4.946395754814147949e-01
