5.232389569282531738e-01 4.791418015956878662e-01
5.260002613067626953e-01 4.747059941291809082e-01
5.262555480003356934e-01 4.746243655681610107e-01
5.567407011985778809e-01 4.654203355312347412e-01
5.500475168228149414e-01 4.598029553890228271e-01
5.671168565750122070e-01 4.731534719467163086e-01
5.703102946281433105e-01 4.546792507171630859e-01
5.111546516418457031e-01 4.732074141502380371e-01
4.920300245285034180e-01 4.595108032226562500e-01
5.575471520423889160e-01 4.635449349880218506e-01
6.933009028434753418e-01 4.190682172775268555e-01
5.263910889625549316e-01 4.650833308696746826e-01
5.494527220726013184e-01 4.593313634395599365e-01
6.030842065811157227e-01 4.762970209121704102e-01
6.061284542083740234e-01 4.614826142787933350e-01
6.029603481292724609e-01 4.674436450004577637e-01
6.074234843254089355e-01 4.643716514110565186e-01
