4.414584636688232422e-01 4.107149243354797363e-01
4.357180297374725342e-01 3.402107954025268555e-01
4.377808272838592529e-01 4.117896258831024170e-01
4.320738017559051514e-01 3.454568386077880859e-01
4.370524287223815918e-01 4.152878224849700928e-01
4.791160523891448975e-01 4.318979382514953613e-01
4.782155454158782959e-01 4.431616067886352539e-01
5.355422496795654297e-01 4.326449632644653320e-01
5.298962593078613281e-01 4.310071468353271484e-01
5.415823459625244141e-01 4.054397940635681152e-01
5.311642289161682129e-01 3.542103171348571777e-01
6.021050214767456055e-01 4.481210410594940186e-01
6.024369597434997559e-01 4.433710575103759766e-01
7.138708829879760742e-01 4.302679300308227539e-01
7.125110030174255371e-01 4.425924718379974365e-01
8.351875543594360352e-01 3.883564174175262451e-01
8.054510354995727539e-01 5.050240755081176758e-01
