5.098218917846679688e-01 4.676933288574218750e-01
5.102286338806152344e-01 4.749585092067718506e-01
5.122311115264892578e-01 4.540832042694091797e-01
5.186254382133483887e-01 4.876490533351898193e-01
5.225791931152343750e-01 4.369268119335174561e-01
5.551758408546447754e-01 4.894616007804870605e-01
5.672066211700439453e-01 4.210525453090667725e-01
6.179882884025573730e-01 4.791253209114074707e-01
6.619515419006347656e-01 3.990095853805541992e-01
5.632615685462951660e-01 4.611606001853942871e-01
5.704778432846069336e-01 4.308824241161346436e-01
6.589643955230712891e-01 4.616181254386901855e-01
6.616854667663574219e-01 4.143303334712982178e-01
7.900131940841674805e-01 4.466995000839233398e-01
7.942306995391845703e-01 4.007487297058105469e-01
8.922877311706542969e-01 4.344973266124725342e-01
8.968027830123901367e-01 3.718293607234954834e-01
