4.316641688346862793e-01 5.310949683189392090e-01
4.309777617454528809e-01 5.336271524429321289e-01
4.306613802909851074e-01 5.240118503570556641e-01
4.666557013988494873e-01 5.267328023910522461e-01
4.566122889518737793e-01 4.874149262905120850e-01
5.010637640953063965e-01 5.305272936820983887e-01
5.188435316085815430e-01 4.687462747097015381e-01
5.153049230575561523e-01 5.249311327934265137e-01
4.592106938362121582e-01 3.814276158809661865e-01
5.194385647773742676e-01 5.081175565719604492e-01
4.399282336235046387e-01 3.996065855026245117e-01
5.536887645721435547e-01 5.075956583023071289e-01
5.619574785232543945e-01 4.675541818141937256e-01
7.382118105888366699e-01 5.160567164421081543e-01
7.537466883659362793e-01 5.015286207199096680e-01
9.182403087615966797e-01 5.495814085006713867e-01
8.026947975158691406e-01 4.375052154064178467e-01
