4.925936162471771240e-01 4.433387517929077148e-01
4.869889020919799805e-01 4.438316226005554199e-01
4.899439215660095215e-01 4.429965913295745850e-01
4.797681272029876709e-01 5.480801463127136230e-01
4.807533621788024902e-01 5.450514554977416992e-01
5.057908892631530762e-01 4.460090100765228271e-01
5.079370141029357910e-01 4.446904361248016357e-01
5.608745217323303223e-01 4.637663364410400391e-01
5.502380132675170898e-01 4.436745345592498779e-01
6.057316660881042480e-01 4.803838431835174561e-01
5.956153869628906250e-01 4.595003128051757812e-01
6.077787876129150391e-01 4.889960885047912598e-01
6.105062365531921387e-01 4.717836976051330566e-01
7.057842612266540527e-01 4.734653234481811523e-01
7.035874128341674805e-01 4.812603592872619629e-01
7.993577718734741211e-01 5.369309782981872559e-01
7.938128709793090820e-01 5.445594787597656250e-01
