4.821564853191375732e-01 5.870239734649658203e-01
4.805639684200286865e-01 5.778236389160156250e-01
4.861190021038055420e-01 5.592811107635498047e-01
4.933065772056579590e-01 5.700410604476928711e-01
4.921599030494689941e-01 5.217387676239013672e-01
5.453602671623229980e-01 5.479882359504699707e-01
5.470509529113769531e-01 5.091918110847473145e-01
6.103149652481079102e-01 5.380458831787109375e-01
6.114453077316284180e-01 4.554182291030883789e-01
6.055388450622558594e-01 5.417089462280273438e-01
6.060004234313964844e-01 5.122543573379516602e-01
6.700078845024108887e-01 5.318894386291503906e-01
6.730703711509704590e-01 5.117145776748657227e-01
8.300652503967285156e-01 5.249319076538085938e-01
8.320192694664001465e-01 5.244276523590087891e-01
9.758271574974060059e-01 4.928350448608398438e-01
9.850854873657226562e-01 5.002617239952087402e-01
