4.586120545864105225e-01 3.603865802288055420e-01
4.529788196086883545e-01 3.567000627517700195e-01
4.540175199508666992e-01 3.656481504440307617e-01
4.531174302101135254e-01 3.544729948043823242e-01
4.557040333747863770e-01 3.733539283275604248e-01
4.825190305709838867e-01 3.475896716117858887e-01
4.858159720897674561e-01 3.823294639587402344e-01
5.205575823783874512e-01 3.408151566982269287e-01
5.259499549865722656e-01 4.028403460979461670e-01
5.527595877647399902e-01 3.471360206604003906e-01
5.606463551521301270e-01 3.935273587703704834e-01
5.661513805389404297e-01 3.548827767372131348e-01
5.659346580505371094e-01 3.762856423854827881e-01
6.350406408309936523e-01 3.608619570732116699e-01
6.379514932632446289e-01 3.782902359962463379e-01
7.229729890823364258e-01 3.677310645580291748e-01
7.281267642974853516e-01 3.863937556743621826e-01
