3.990366160869598389e-01 4.589743614196777344e-01
3.903573155403137207e-01 4.644970595836639404e-01
3.891714811325073242e-01 4.571963548660278320e-01
3.898072838783264160e-01 4.654577672481536865e-01
3.883099555969238281e-01 4.494196772575378418e-01
4.373807311058044434e-01 4.628428220748901367e-01
4.383313357830047607e-01 4.292246699333190918e-01
4.989211559295654297e-01 4.591745138168334961e-01
4.947846829891204834e-01 4.120568931102752686e-01
4.968792200088500977e-01 4.330297708511352539e-01
4.906399846076965332e-01 4.154863059520721436e-01
5.712730288505554199e-01 4.473272562026977539e-01
5.726923942565917969e-01 4.315684437751770020e-01
6.658369302749633789e-01 4.289020001888275146e-01
6.719157695770263672e-01 4.265154302120208740e-01
7.925038337707519531e-01 4.100026488304138184e-01
7.949730753898620605e-01 4.096548557281494141e-01
