4.123923778533935547e-01 4.434113204479217529e-01
4.012992382049560547e-01 4.478451013565063477e-01
4.044934213161468506e-01 4.323255419731140137e-01
4.069192111492156982e-01 4.502206742763519287e-01
4.165136516094207764e-01 4.052484631538391113e-01
4.493032097816467285e-01 4.695585668087005615e-01
4.855555295944213867e-01 3.895070254802703857e-01
3.823587894439697266e-01 4.976420104503631592e-01
5.244619846343994141e-01 3.518577814102172852e-01
3.235447406768798828e-01 5.236724615097045898e-01
5.486662387847900391e-01 3.356371819972991943e-01
6.296182870864868164e-01 4.948887526988983154e-01
6.423810720443725586e-01 4.485230445861816406e-01
7.650398015975952148e-01 5.128772854804992676e-01
7.784649729728698730e-01 4.767478704452514648e-01
8.973662257194519043e-01 5.187726020812988281e-01
9.133638143539428711e-01 4.626587629318237305e-01
