4.228854775428771973e-01 5.904132723808288574e-01
4.099832475185394287e-01 6.044217944145202637e-01
4.066241681575775146e-01 5.707631111145019531e-01
4.282948672771453857e-01 6.188446283340454102e-01
4.231957793235778809e-01 5.463196039199829102e-01
5.205062031745910645e-01 6.112564206123352051e-01
5.045332908630371094e-01 4.865885674953460693e-01
6.185326576232910156e-01 6.311632394790649414e-01
6.154723167419433594e-01 4.526147842407226562e-01
6.244777441024780273e-01 5.912714600563049316e-01
6.643273234367370605e-01 4.508012533187866211e-01
6.990004777908325195e-01 5.249241590499877930e-01
7.030710577964782715e-01 4.819040298461914062e-01
8.413043022155761719e-01 5.195219516754150391e-01
8.450497388839721680e-01 4.612014293670654297e-01
9.614236354827880859e-01 5.506932735443115234e-01
9.788837432861328125e-01 4.818213880062103271e-01
