6.203936338424682617e-01 5.079158544540405273e-01
6.113134622573852539e-01 5.119468569755554199e-01
6.146140694618225098e-01 4.994787573814392090e-01
6.137169599533081055e-01 5.206346511840820312e-01
6.221783757209777832e-01 4.916045069694519043e-01
6.471056938171386719e-01 5.502565503120422363e-01
6.537286639213562012e-01 4.841283559799194336e-01
6.797260642051696777e-01 5.862706899642944336e-01
6.469218730926513672e-01 4.708860516548156738e-01
7.053502798080444336e-01 6.207851171493530273e-01
6.346446275711059570e-01 4.814425110816955566e-01
7.796928882598876953e-01 5.487771034240722656e-01
7.835675477981567383e-01 5.058113336563110352e-01
8.837377429008483887e-01 5.351902842521667480e-01
8.885657787322998047e-01 5.161498188972473145e-01
9.487209320068359375e-01 5.243841409683227539e-01
9.533128142356872559e-01 5.063774585723876953e-01
