5.872519612312316895e-01 4.798198342323303223e-01
5.891317129135131836e-01 4.833780527114868164e-01
5.856096744537353516e-01 4.768921732902526855e-01
5.998383760452270508e-01 4.955767095088958740e-01
5.914299488067626953e-01 4.699046015739440918e-01
6.091629862785339355e-01 5.030126571655273438e-01
5.997307896614074707e-01 4.658368527889251709e-01
5.818244814872741699e-01 5.446012020111083984e-01
5.796975493431091309e-01 4.693523645401000977e-01
5.569931864738464355e-01 5.381227731704711914e-01
6.035278439521789551e-01 4.938204884529113770e-01
5.049327015876770020e-01 5.104498863220214844e-01
5.013769865036010742e-01 4.658194482326507568e-01
6.133733391761779785e-01 4.915251135826110840e-01
5.888186693191528320e-01 4.294981360435485840e-01
6.076640486717224121e-01 5.029296278953552246e-01
5.989893674850463867e-01 4.648251533508300781e-01
