3.863260447978973389e-01 4.364593029022216797e-01
3.796642720699310303e-01 4.291739165782928467e-01
3.806632757186889648e-01 4.333238303661346436e-01
3.854696452617645264e-01 4.331477284431457520e-01
3.864735960960388184e-01 4.392480254173278809e-01
4.242739677429199219e-01 4.639977216720581055e-01
4.243932366371154785e-01 4.567272365093231201e-01
4.799419343471527100e-01 4.909856915473937988e-01
4.893335998058319092e-01 4.888639450073242188e-01
3.882713317871093750e-01 4.590625464916229248e-01
5.355510711669921875e-01 4.729927480220794678e-01
5.626260042190551758e-01 5.041086077690124512e-01
5.645834207534790039e-01 4.936918914318084717e-01
6.921447515487670898e-01 5.363472700119018555e-01
6.930095553398132324e-01 5.034087896347045898e-01
8.012346625328063965e-01 5.698119401931762695e-01
8.032329082489013672e-01 5.451390743255615234e-01
