3.248334825038909912e-01 4.665353000164031982e-01
3.132115006446838379e-01 4.615394473075866699e-01
3.190385103225708008e-01 4.729099869728088379e-01
3.154195845127105713e-01 4.696450233459472656e-01
3.213054537773132324e-01 4.870551526546478271e-01
3.719496726989746094e-01 4.760416448116302490e-01
3.802503943443298340e-01 5.206317901611328125e-01
4.680073261260986328e-01 4.747427403926849365e-01
4.641922414302825928e-01 4.988736510276794434e-01
5.164108872413635254e-01 4.666274487972259521e-01
5.261205434799194336e-01 4.622077941894531250e-01
5.299474000930786133e-01 5.230194926261901855e-01
5.314451456069946289e-01 5.210048556327819824e-01
6.518642902374267578e-01 5.542714595794677734e-01
6.519473791122436523e-01 5.219143033027648926e-01
7.801102995872497559e-01 6.044883131980895996e-01
7.973861098289489746e-01 5.308172702789306641e-01
