5.292410254478454590e-01 7.418713569641113281e-01
5.258939266204833984e-01 7.434564828872680664e-01
5.269310474395751953e-01 7.418617010116577148e-01
5.232108831405639648e-01 7.460948824882507324e-01
5.243625044822692871e-01 7.405607104301452637e-01
5.360636115074157715e-01 7.403092384338378906e-01
5.386811494827270508e-01 7.377790212631225586e-01
5.599637627601623535e-01 7.404999732971191406e-01
5.582742691040039062e-01 7.334914207458496094e-01
5.759103298187255859e-01 7.402149438858032227e-01
5.740196704864501953e-01 7.346436977386474609e-01
5.786783695220947266e-01 7.407416701316833496e-01
5.788071155548095703e-01 7.382636070251464844e-01
6.072368025779724121e-01 7.403792738914489746e-01
6.067371964454650879e-01 7.349042892456054688e-01
6.441689729690551758e-01 7.342204451560974121e-01
6.445615887641906738e-01 7.305657863616943359e-01
