2.520526051521301270e-01 4.954412877559661865e-01
2.494856566190719604e-01 4.922411441802978516e-01
2.510207891464233398e-01 4.952176511287689209e-01
2.577508091926574707e-01 4.861726462841033936e-01
2.610477805137634277e-01 4.902388453483581543e-01
2.831826210021972656e-01 4.863489568233489990e-01
2.941867113113403320e-01 5.141187310218811035e-01
3.571119904518127441e-01 4.910879135131835938e-01
3.657668828964233398e-01 5.219870805740356445e-01
2.578240036964416504e-01 4.621559381484985352e-01
2.650585174560546875e-01 4.765693843364715576e-01
4.513451755046844482e-01 5.042419433593750000e-01
4.656151533126831055e-01 5.290327072143554688e-01
5.729253888130187988e-01 5.074214935302734375e-01
5.825030803680419922e-01 5.322299599647521973e-01
7.173690795898437500e-01 5.028332471847534180e-01
6.866542100906372070e-01 5.117413997650146484e-01
