4.613802134990692139e-01 4.386143386363983154e-01
4.568018317222595215e-01 4.343080222606658936e-01
4.607285261154174805e-01 4.362055063247680664e-01
4.572560489177703857e-01 4.284920096397399902e-01
4.615977406501770020e-01 4.219015836715698242e-01
4.914540648460388184e-01 4.475249946117401123e-01
4.856593310832977295e-01 4.341422319412231445e-01
5.434061288833618164e-01 4.925988912582397461e-01
4.946001768112182617e-01 4.201066195964813232e-01
5.304248332977294922e-01 4.778147935867309570e-01
3.557026386260986328e-01 3.479169011116027832e-01
5.620947480201721191e-01 4.904058873653411865e-01
5.613456964492797852e-01 4.816968441009521484e-01
6.834139823913574219e-01 5.029220581054687500e-01
6.840840578079223633e-01 4.996755719184875488e-01
8.059900999069213867e-01 5.372996330261230469e-01
8.016111850738525391e-01 5.321561098098754883e-01
