5.458762645721435547e-01 4.696190953254699707e-01
5.362058877944946289e-01 4.733295142650604248e-01
5.379801392555236816e-01 4.620541334152221680e-01
5.371268987655639648e-01 4.755752980709075928e-01
5.405963659286499023e-01 4.497295618057250977e-01
5.817703604698181152e-01 4.769173860549926758e-01
5.880565643310546875e-01 4.470119476318359375e-01
6.620737314224243164e-01 4.768496453762054443e-01
6.725136041641235352e-01 4.377176761627197266e-01
6.258431673049926758e-01 4.587608277797698975e-01
6.926092505455017090e-01 4.406182169914245605e-01
7.187193632125854492e-01 4.731401801109313965e-01
7.195560932159423828e-01 4.500884711742401123e-01
8.235296607017517090e-01 4.833261370658874512e-01
8.262223601341247559e-01 4.551638960838317871e-01
9.134964346885681152e-01 4.886037707328796387e-01
9.126882553100585938e-01 4.579256474971771240e-01
