3.776057660579681396e-01 3.815121352672576904e-01
3.696054220199584961e-01 3.880577683448791504e-01
3.699031770229339600e-01 3.810789585113525391e-01
3.766551613807678223e-01 4.100272357463836670e-01
3.807881474494934082e-01 3.945381343364715576e-01
4.101091623306274414e-01 4.319836795330047607e-01
4.319782853126525879e-01 3.996856808662414551e-01
5.043628215789794922e-01 4.621524214744567871e-01
5.137391686439514160e-01 4.117025732994079590e-01
2.781089246273040771e-01 3.816860318183898926e-01
5.326205492019653320e-01 3.856547772884368896e-01
5.490077733993530273e-01 4.798926711082458496e-01
5.560357570648193359e-01 4.486697316169738770e-01
6.821188330650329590e-01 4.981709122657775879e-01
6.800893545150756836e-01 4.521274268627166748e-01
8.004833459854125977e-01 5.181124806404113770e-01
7.955913543701171875e-01 4.704042673110961914e-01
