5.010997653007507324e-01 3.160682320594787598e-01
4.952561557292938232e-01 3.066729903221130371e-01
4.967819154262542725e-01 3.211004734039306641e-01
5.028835535049438477e-01 2.997548580169677734e-01
5.043400526046752930e-01 3.334356248378753662e-01
5.457301735877990723e-01 2.970281243324279785e-01
5.369992852210998535e-01 3.493991792201995850e-01
5.835143327713012695e-01 2.826323509216308594e-01
5.434881448745727539e-01 3.929652571678161621e-01
5.700537562370300293e-01 2.632262110710144043e-01
4.892168045043945312e-01 4.080812335014343262e-01
6.759313344955444336e-01 3.410403132438659668e-01
6.703464984893798828e-01 3.770329356193542480e-01
7.847912311553955078e-01 3.611714541912078857e-01
7.801539301872253418e-01 3.907940387725830078e-01
9.039516448974609375e-01 3.622424602508544922e-01
8.978596925735473633e-01 4.151622951030731201e-01
