3.692596554756164551e-01 5.079079270362854004e-01
3.688784539699554443e-01 5.124241709709167480e-01
3.669084906578063965e-01 5.076112151145935059e-01
3.852657973766326904e-01 5.181170701980590820e-01
3.763302266597747803e-01 5.078561305999755859e-01
4.156527221202850342e-01 5.148656964302062988e-01
3.938963115215301514e-01 4.868323206901550293e-01
3.531427979469299316e-01 4.827182292938232422e-01
3.347441554069519043e-01 4.684051275253295898e-01
2.602079808712005615e-01 4.644589126110076904e-01
2.607896924018859863e-01 4.506723284721374512e-01
5.373342633247375488e-01 4.770697355270385742e-01
5.319420099258422852e-01 4.519170224666595459e-01
6.779822111129760742e-01 4.743215739727020264e-01
6.661460995674133301e-01 4.480476379394531250e-01
8.060294389724731445e-01 4.881919622421264648e-01
7.785662412643432617e-01 4.460760951042175293e-01
