2.189639657735824585e-01 5.531809329986572266e-01
2.158252447843551636e-01 5.551186203956604004e-01
2.168919295072555542e-01 5.526385307312011719e-01
2.153648734092712402e-01 5.580523610115051270e-01
2.132866829633712769e-01 5.408178567886352539e-01
2.277778834104537964e-01 5.623851418495178223e-01
2.241885662078857422e-01 5.327813625335693359e-01
2.490925788879394531e-01 5.673940181732177734e-01
2.545397877693176270e-01 5.429408550262451172e-01
2.745352685451507568e-01 5.663455724716186523e-01
2.809503674507141113e-01 5.547444820404052734e-01
2.702657580375671387e-01 5.517501235008239746e-01
2.731919288635253906e-01 5.442861914634704590e-01
2.943617403507232666e-01 5.646805763244628906e-01
2.935878932476043701e-01 5.510958433151245117e-01
3.168689906597137451e-01 5.691725611686706543e-01
3.152988255023956299e-01 5.620722770690917969e-01
