3.713921308517456055e-01 5.882691144943237305e-01
3.601861894130706787e-01 5.948359966278076172e-01
3.598759174346923828e-01 5.759397745132446289e-01
3.675329089164733887e-01 6.068127751350402832e-01
3.670247495174407959e-01 5.561963915824890137e-01
4.230421781539916992e-01 6.296961903572082520e-01
4.265984892845153809e-01 5.277433991432189941e-01
4.816235303878784180e-01 6.384223103523254395e-01
5.077787637710571289e-01 4.762310385704040527e-01
5.368296504020690918e-01 6.405035853385925293e-01
5.356836318969726562e-01 4.189804494380950928e-01
5.624597072601318359e-01 5.907490849494934082e-01
5.625546574592590332e-01 5.228446722030639648e-01
6.881093978881835938e-01 6.453394889831542969e-01
6.677047014236450195e-01 4.508769214153289795e-01
8.105964660644531250e-01 6.365382075309753418e-01
8.034455180168151855e-01 4.504314363002777100e-01
