3.224425017833709717e-01 4.805548787117004395e-01
3.081967830657958984e-01 4.803881049156188965e-01
3.153324723243713379e-01 4.794952571392059326e-01
3.090569078922271729e-01 4.880991876125335693e-01
3.141590058803558350e-01 4.871805906295776367e-01
3.735099732875823975e-01 5.113102793693542480e-01
3.660248517990112305e-01 4.891602993011474609e-01
4.452272653579711914e-01 5.317881107330322266e-01
4.452136754989624023e-01 4.681101739406585693e-01
4.629029631614685059e-01 5.668845772743225098e-01
4.689275622367858887e-01 4.750524163246154785e-01
5.187989473342895508e-01 5.373793840408325195e-01
5.224846601486206055e-01 5.099997520446777344e-01
6.518304347991943359e-01 5.635327100753784180e-01
6.519933938980102539e-01 5.033025741577148438e-01
8.053992986679077148e-01 5.914433002471923828e-01
8.046705722808837891e-01 5.124671459197998047e-01
