4.846981763839721680e-01 4.721752405166625977e-01
4.947578907012939453e-01 4.654487073421478271e-01
4.701757133007049561e-01 4.701724052429199219e-01
5.400146842002868652e-01 4.650821089744567871e-01
5.038394927978515625e-01 4.775378704071044922e-01
5.649237036705017090e-01 5.017114877700805664e-01
5.322880744934082031e-01 5.055158138275146484e-01
4.945652186870574951e-01 4.809474945068359375e-01
4.857713878154754639e-01 4.817065894603729248e-01
4.748047292232513428e-01 4.793546795845031738e-01
3.807133138179779053e-01 4.796404242515563965e-01
5.703699588775634766e-01 4.970181882381439209e-01
5.251709222793579102e-01 4.992809891700744629e-01
4.758998751640319824e-01 4.799028337001800537e-01
4.109450280666351318e-01 4.750995039939880371e-01
3.930482268333435059e-01 4.808496832847595215e-01
3.882466256618499756e-01 4.781761169433593750e-01
