3.981661498546600342e-01 4.902566075325012207e-01
3.857130408287048340e-01 4.800680279731750488e-01
3.918676376342773438e-01 4.843614101409912109e-01
3.943918645381927490e-01 4.625782370567321777e-01
4.002080857753753662e-01 4.701961278915405273e-01
4.406846463680267334e-01 4.637483060359954834e-01
4.382885098457336426e-01 4.755638837814331055e-01
4.744837284088134766e-01 4.573030173778533936e-01
4.657237529754638672e-01 4.833621382713317871e-01
3.838358819484710693e-01 4.566292762756347656e-01
4.462653994560241699e-01 4.918002486228942871e-01
5.808290839195251465e-01 4.855213165283203125e-01
5.828188657760620117e-01 4.997990727424621582e-01
6.845263838768005371e-01 5.002614259719848633e-01
6.851047873497009277e-01 5.161542892456054688e-01
8.128775954246520996e-01 5.082842111587524414e-01
8.099822402000427246e-01 5.269833207130432129e-01
