5.152336359024047852e-01 4.601279199123382568e-01
5.067331790924072266e-01 4.718825519084930420e-01
5.040428042411804199e-01 4.436755776405334473e-01
5.596911907196044922e-01 4.781887233257293701e-01
5.539703965187072754e-01 4.170278012752532959e-01
5.216205716133117676e-01 4.899123609066009521e-01
5.410591363906860352e-01 4.272005259990692139e-01
5.413788557052612305e-01 4.803929924964904785e-01
6.146134138107299805e-01 3.951659202575683594e-01
5.545819401741027832e-01 4.486525952816009521e-01
2.449030876159667969e-01 1.250037997961044312e-01
5.680149793624877930e-01 4.373273253440856934e-01
5.356445312500000000e-01 3.565989732742309570e-01
7.583405971527099609e-01 4.243152737617492676e-01
7.487820982933044434e-01 3.706452846527099609e-01
8.951579928398132324e-01 3.909539878368377686e-01
8.924965858459472656e-01 3.421449661254882812e-01
