1.532248407602310181e-01 2.721618115901947021e-01
1.349976360797882080e-01 2.735205888748168945e-01
1.151606291532516479e-01 2.193832099437713623e-01
1.169686838984489441e-01 3.126562535762786865e-01
1.226154789328575134e-01 2.170011103153228760e-01
1.691525876522064209e-01 3.445889353752136230e-01
1.692524999380111694e-01 1.788677275180816650e-01
1.889763325452804565e-01 4.124496579170227051e-01
2.176246494054794312e-01 1.376073360443115234e-01
2.606690526008605957e-01 4.136209189891815186e-01
2.357746213674545288e-01 1.403429955244064331e-01
3.435130119323730469e-01 3.350435495376586914e-01
3.497756123542785645e-01 2.345119714736938477e-01
4.217556416988372803e-01 3.677678108215332031e-01
3.391429781913757324e-01 2.732466459274291992e-01
4.841055572032928467e-01 3.685114383697509766e-01
4.679008424282073975e-01 2.796488404273986816e-01
