6.288765668869018555e-01 4.970690011978149414e-01
6.192153096199035645e-01 5.053712725639343262e-01
6.225299835205078125e-01 4.884906709194183350e-01
6.200038790702819824e-01 5.166509151458740234e-01
6.239194273948669434e-01 4.724147021770477295e-01
6.506651639938354492e-01 5.458297729492187500e-01
6.575840711593627930e-01 4.671200513839721680e-01
6.679946780204772949e-01 5.983125567436218262e-01
6.531795263290405273e-01 4.515124261379241943e-01
6.780568957328796387e-01 6.239287257194519043e-01
6.426355838775634766e-01 4.705241918563842773e-01
7.753652930259704590e-01 5.397366285324096680e-01
7.794153690338134766e-01 4.978355169296264648e-01
8.801171183586120605e-01 5.358344912528991699e-01
8.844565749168395996e-01 5.193287134170532227e-01
9.526803493499755859e-01 5.203229188919067383e-01
9.570912122726440430e-01 5.068176984786987305e-01
