5.506403446197509766e-01 4.916840195655822754e-01
5.455263853073120117e-01 4.901649653911590576e-01
5.481475591659545898e-01 4.891788363456726074e-01
5.533512234687805176e-01 4.821794927120208740e-01
5.534060597419738770e-01 4.721065163612365723e-01
5.866549015045166016e-01 4.807366728782653809e-01
5.903940200805664062e-01 4.693336486816406250e-01
6.326702833175659180e-01 4.780054092407226562e-01
6.366012096405029297e-01 4.608079791069030762e-01
6.061553359031677246e-01 4.810410439968109131e-01
6.115974187850952148e-01 4.768549799919128418e-01
6.581494808197021484e-01 4.665634036064147949e-01
6.588900089263916016e-01 4.703252911567687988e-01
7.279602289199829102e-01 4.700571298599243164e-01
7.455725669860839844e-01 4.730266928672790527e-01
7.801176309585571289e-01 4.533191323280334473e-01
7.815488576889038086e-01 4.544991254806518555e-01
