4.556347131729125977e-01 3.594833612442016602e-01
4.506997764110565186e-01 3.554511666297912598e-01
4.529445171356201172e-01 3.660207688808441162e-01
4.518344998359680176e-01 3.499122262001037598e-01
4.512093663215637207e-01 3.759716451168060303e-01
4.818355739116668701e-01 3.516367375850677490e-01
4.783520102500915527e-01 3.830230236053466797e-01
5.214389562606811523e-01 3.431075513362884521e-01
5.224594473838806152e-01 3.892583250999450684e-01
5.512064099311828613e-01 3.481612801551818848e-01
5.516421198844909668e-01 3.878268599510192871e-01
5.564498901367187500e-01 3.558793962001800537e-01
5.551358461380004883e-01 3.736608922481536865e-01
6.152522563934326172e-01 3.599818646907806396e-01
6.160652637481689453e-01 3.749143779277801514e-01
6.889984011650085449e-01 3.609640598297119141e-01
7.022480368614196777e-01 3.743818998336791992e-01
