5.662471652030944824e-01 4.891712069511413574e-01
5.558535456657409668e-01 4.967682361602783203e-01
5.566740632057189941e-01 4.853676557540893555e-01
5.569765567779541016e-01 4.950468242168426514e-01
5.636702179908752441e-01 4.721635580062866211e-01
5.831383466720581055e-01 5.065290927886962891e-01
5.997797250747680664e-01 4.511752724647521973e-01
5.786700248718261719e-01 4.966511130332946777e-01
6.305416822433471680e-01 4.014407098293304443e-01
5.491347908973693848e-01 5.033767819404602051e-01
6.541092395782470703e-01 3.859381675720214844e-01
7.237930297851562500e-01 4.935888648033142090e-01
7.298204898834228516e-01 4.627752304077148438e-01
8.353485465049743652e-01 5.031948685646057129e-01
8.352252244949340820e-01 4.526722431182861328e-01
9.236872196197509766e-01 5.171981453895568848e-01
9.204287528991699219e-01 4.381699562072753906e-01
