4.158722162246704102e-01 6.515387892723083496e-01
3.800525665283203125e-01 5.084274411201477051e-01
4.117953181266784668e-01 6.515895128250122070e-01
4.182012677192687988e-01 6.591221094131469727e-01
4.159357547760009766e-01 6.470143795013427734e-01
3.895689845085144043e-01 4.685642421245574951e-01
2.210864052176475525e-02 3.079230785369873047e-01
3.710882663726806641e-01 4.721901416778564453e-01
1.012805849313735962e-01 9.881964325904846191e-02
4.584799408912658691e-01 4.762840867042541504e-01
2.744675278663635254e-01 1.213904842734336853e-01
4.822196364402770996e-01 4.324359893798828125e-01
4.806957840919494629e-01 3.768171668052673340e-01
6.970595121383666992e-01 4.302730560302734375e-01
7.032690048217773438e-01 3.992958664894104004e-01
7.361897826194763184e-01 4.069071710109710693e-01
9.049437046051025391e-01 3.913567662239074707e-01
