4.657904803752899170e-01 5.305849313735961914e-01
4.558551907539367676e-01 5.244923830032348633e-01
4.554204642772674561e-01 5.238837003707885742e-01
4.642605185508728027e-01 5.073252916336059570e-01
4.622324705123901367e-01 5.014008283615112305e-01
5.055319070816040039e-01 4.839218258857727051e-01
4.989359080791473389e-01 4.833086133003234863e-01
4.660017490386962891e-01 5.106170773506164551e-01
4.558291137218475342e-01 5.095636248588562012e-01
4.130603969097137451e-01 5.302920937538146973e-01
4.115151762962341309e-01 5.288981199264526367e-01
6.178816556930541992e-01 4.533383846282958984e-01
6.184462904930114746e-01 4.456093907356262207e-01
7.962095737457275391e-01 4.727919101715087891e-01
7.804359197616577148e-01 4.712309539318084717e-01
8.583568334579467773e-01 4.714643955230712891e-01
8.586156368255615234e-01 4.707251787185668945e-01
