4.845431745052337646e-01 4.929056167602539062e-01
4.618959426879882812e-01 5.219702124595642090e-01
4.876618087291717529e-01 4.752308726310729980e-01
4.804953932762145996e-01 5.218942761421203613e-01
5.009454488754272461e-01 4.515504240989685059e-01
5.164672732353210449e-01 5.060493946075439453e-01
5.350179076194763184e-01 4.456889331340789795e-01
5.414595603942871094e-01 4.954521656036376953e-01
5.919828414916992188e-01 3.683613240718841553e-01
5.553139448165893555e-01 4.848568439483642578e-01
6.634156107902526855e-01 3.487601876258850098e-01
6.628792285919189453e-01 4.581334292888641357e-01
6.627821326255798340e-01 4.215877056121826172e-01
7.941486239433288574e-01 4.412524104118347168e-01
8.067569136619567871e-01 4.016493558883666992e-01
9.164809584617614746e-01 4.247351586818695068e-01
9.073960185050964355e-01 3.727389574050903320e-01
