4.652889966964721680e-01 5.449484586715698242e-01
4.619580507278442383e-01 5.515968799591064453e-01
4.629747271537780762e-01 5.406192541122436523e-01
4.714664816856384277e-01 5.557081699371337891e-01
4.698960185050964355e-01 5.122299194335937500e-01
4.935714900493621826e-01 5.423447489738464355e-01
5.032062530517578125e-01 4.645908772945404053e-01
4.870358407497406006e-01 5.390269756317138672e-01
5.459717512130737305e-01 4.606913030147552490e-01
4.988039433956146240e-01 5.233620405197143555e-01
3.071945905685424805e-01 1.127408146858215332e-01
5.723615884780883789e-01 4.936462044715881348e-01
5.747742652893066406e-01 4.332244396209716797e-01
7.380299568176269531e-01 4.383048713207244873e-01
7.185757160186767578e-01 4.218598008155822754e-01
9.121326208114624023e-01 4.386780858039855957e-01
9.101623892784118652e-01 3.885332942008972168e-01
