4.103713110089302063e-02 3.129109740257263184e-01
4.156930148601531982e-01 5.291393995285034180e-01
4.152199625968933105e-01 5.243944525718688965e-01
4.567551612854003906e-02 3.622119426727294922e-01
4.485557973384857178e-01 5.172370672225952148e-01
4.507169723510742188e-01 5.052015781402587891e-01
4.119918942451477051e-01 4.286103248596191406e-01
3.757669627666473389e-01 4.395545423030853271e-01
3.395426869392395020e-01 3.702136278152465820e-01
3.376889228820800781e-01 1.117065697908401489e-01
3.278464972972869873e-01 1.105123013257980347e-01
4.573839902877807617e-01 4.387259185314178467e-01
4.580715596675872803e-01 4.306429028511047363e-01
6.145713329315185547e-01 4.801172614097595215e-01
6.059510111808776855e-01 4.075945317745208740e-01
6.187174320220947266e-01 4.570662975311279297e-01
6.139985322952270508e-01 4.031252562999725342e-01
