6.058025360107421875e-01 5.144319534301757812e-01
5.919209718704223633e-01 5.187683105468750000e-01
5.912666320800781250e-01 5.055070519447326660e-01
5.913481712341308594e-01 5.353771448135375977e-01
5.929169654846191406e-01 5.057314038276672363e-01
6.278110742568969727e-01 5.537555217742919922e-01
6.344887614250183105e-01 5.258493423461914062e-01
7.138686180114746094e-01 5.818939208984375000e-01
7.211167216300964355e-01 5.485609173774719238e-01
7.505040168762207031e-01 5.967912673950195312e-01
7.584089040756225586e-01 5.871728062629699707e-01
7.577657103538513184e-01 5.902960896492004395e-01
7.623838782310485840e-01 5.711803436279296875e-01
8.680049180984497070e-01 5.845806598663330078e-01
8.687505722045898438e-01 5.834942460060119629e-01
9.679939150810241699e-01 5.802587866783142090e-01
9.647793173789978027e-01 5.861053466796875000e-01
