5.224841833114624023e-01 5.041526556015014648e-01
5.235640406608581543e-01 5.051515102386474609e-01
5.325522422790527344e-01 5.051187276840209961e-01
5.458606481552124023e-01 5.080536007881164551e-01
5.405684113502502441e-01 5.036890506744384766e-01
5.475677847862243652e-01 5.308904647827148438e-01
5.471427440643310547e-01 4.994742572307586670e-01
5.319339632987976074e-01 5.282875895500183105e-01
5.662648081779479980e-01 4.844877719879150391e-01
4.958572089672088623e-01 5.251982212066650391e-01
6.430691480636596680e-01 4.864265918731689453e-01
5.811601281166076660e-01 5.220019221305847168e-01
5.535769462585449219e-01 5.012365579605102539e-01
6.342666149139404297e-01 5.128298997879028320e-01
6.250459551811218262e-01 4.903609454631805420e-01
6.823391914367675781e-01 4.988294839859008789e-01
6.638646125793457031e-01 4.719898104667663574e-01
