4.535975158214569092e-01 5.790096521377563477e-01
4.503998458385467529e-01 5.832685232162475586e-01
4.410148859024047852e-01 5.638993978500366211e-01
4.546090364456176758e-01 5.831365585327148438e-01
4.570582807064056396e-01 5.401909947395324707e-01
4.784089326858520508e-01 5.624374747276306152e-01
4.912192523479461670e-01 5.033351182937622070e-01
4.890128076076507568e-01 6.233083605766296387e-01
4.831029772758483887e-01 3.999542891979217529e-01
5.427953004837036133e-01 5.047795772552490234e-01
5.526671409606933594e-01 4.861240386962890625e-01
5.350600481033325195e-01 5.283876657485961914e-01
5.451277494430541992e-01 4.855548739433288574e-01
6.374176740646362305e-01 5.109484195709228516e-01
6.307526826858520508e-01 4.818664789199829102e-01
7.570921182632446289e-01 5.064939260482788086e-01
7.544862627983093262e-01 4.980674386024475098e-01
