4.408404529094696045e-01 4.670807719230651855e-01
4.347196817398071289e-01 4.637932777404785156e-01
4.368913173675537109e-01 4.644812941551208496e-01
4.349234104156494141e-01 4.658639132976531982e-01
4.355723261833190918e-01 4.692066907882690430e-01
4.618548750877380371e-01 4.844331443309783936e-01
4.625310301780700684e-01 4.746079444885253906e-01
4.079173207283020020e-01 4.906691312789916992e-01
3.995625674724578857e-01 4.941552579402923584e-01
3.492235541343688965e-01 4.836497008800506592e-01
3.510601520538330078e-01 4.838044345378875732e-01
5.823103785514831543e-01 5.066351294517517090e-01
5.810446143150329590e-01 5.026999711990356445e-01
6.985979080200195312e-01 4.971149861812591553e-01
6.961187124252319336e-01 4.962700307369232178e-01
8.232485055923461914e-01 4.950668811798095703e-01
8.295011520385742188e-01 4.940960407257080078e-01
