4.473170638084411621e-01 4.561637341976165771e-01
4.347555339336395264e-01 4.520417153835296631e-01
4.359987676143646240e-01 4.476554393768310547e-01
4.439539909362792969e-01 4.404666423797607422e-01
4.450559318065643311e-01 4.314311146736145020e-01
5.078868269920349121e-01 4.333284795284271240e-01
4.863100647926330566e-01 4.385480880737304688e-01
5.969362258911132812e-01 4.376574158668518066e-01
4.074679017066955566e-01 4.794839024543762207e-01
6.277619004249572754e-01 4.614498615264892578e-01
3.138079047203063965e-01 5.176179409027099609e-01
6.702859401702880859e-01 4.202014207839965820e-01
6.645974516868591309e-01 4.214499592781066895e-01
8.369064331054687500e-01 4.052184820175170898e-01
8.405275344848632812e-01 4.074372053146362305e-01
9.788035154342651367e-01 3.816099166870117188e-01
9.795950651168823242e-01 3.825492560863494873e-01
