4.130039811134338379e-01 5.422545671463012695e-01
4.093511998653411865e-01 5.395308136940002441e-01
4.114560484886169434e-01 5.441870093345642090e-01
4.103580117225646973e-01 5.405799150466918945e-01
4.134534597396850586e-01 5.481487512588500977e-01
4.482451081275939941e-01 5.400038957595825195e-01
4.511413276195526123e-01 5.484143495559692383e-01
4.858165383338928223e-01 5.319480895996093750e-01
4.959922730922698975e-01 5.607714056968688965e-01
4.770226478576660156e-01 5.207663774490356445e-01
5.060508251190185547e-01 5.635749101638793945e-01
5.678571462631225586e-01 5.395486354827880859e-01
5.686920285224914551e-01 5.490359067916870117e-01
6.572995185852050781e-01 5.650550127029418945e-01
6.622004508972167969e-01 5.676424503326416016e-01
7.713241577148437500e-01 6.009203195571899414e-01
7.726115584373474121e-01 5.984638929367065430e-01
