4.787193238735198975e-01 5.142078995704650879e-01
4.730252027511596680e-01 5.141586065292358398e-01
4.763898253440856934e-01 5.136482715606689453e-01
4.786307215690612793e-01 5.256109237670898438e-01
4.762738645076751709e-01 5.109332799911499023e-01
5.172509551048278809e-01 5.406253933906555176e-01
5.187283754348754883e-01 5.070626735687255859e-01
5.425187349319458008e-01 5.670019388198852539e-01
5.411552190780639648e-01 5.055263042449951172e-01
5.295025706291198730e-01 5.555604100227355957e-01
5.505866408348083496e-01 4.956937730312347412e-01
6.223915219306945801e-01 5.439867377281188965e-01
6.230744719505310059e-01 5.215413570404052734e-01
7.119749784469604492e-01 5.372226238250732422e-01
7.120684385299682617e-01 5.304228067398071289e-01
7.951725721359252930e-01 5.349974036216735840e-01
7.944795489311218262e-01 5.279573798179626465e-01
