3.921425938606262207e-01 5.371574759483337402e-01
3.846500813961029053e-01 5.335128307342529297e-01
3.855536878108978271e-01 5.406687259674072266e-01
3.819415271282196045e-01 5.342437624931335449e-01
3.845287561416625977e-01 5.581978559494018555e-01
4.263567626476287842e-01 5.317907333374023438e-01
4.240106940269470215e-01 5.668026208877563477e-01
4.915747046470642090e-01 4.994393289089202881e-01
4.874594807624816895e-01 5.771716833114624023e-01
5.201528072357177734e-01 5.710449218750000000e-01
5.173522830009460449e-01 5.791512131690979004e-01
5.599142909049987793e-01 5.395354628562927246e-01
5.602946281433105469e-01 5.510095953941345215e-01
6.610895991325378418e-01 5.519799590110778809e-01
6.613954305648803711e-01 5.506927967071533203e-01
7.929186224937438965e-01 5.732873678207397461e-01
7.922399044036865234e-01 5.721629261970520020e-01
