4.801719188690185547e-01 5.291053056716918945e-01
4.686266779899597168e-01 5.208762884140014648e-01
4.696680009365081787e-01 5.200674533843994141e-01
4.786883294582366943e-01 5.352555513381958008e-01
4.716627001762390137e-01 5.197736620903015137e-01
5.190467238426208496e-01 5.535073280334472656e-01
5.107526779174804688e-01 5.240232944488525391e-01
5.645089149475097656e-01 5.626288652420043945e-01
5.433320999145507812e-01 5.161181092262268066e-01
6.023997664451599121e-01 5.564410090446472168e-01
5.568202733993530273e-01 5.163854360580444336e-01
6.267817020416259766e-01 5.530962347984313965e-01
6.248015165328979492e-01 5.318354368209838867e-01
7.057851552963256836e-01 5.518911480903625488e-01
7.037771940231323242e-01 5.411540269851684570e-01
7.906910181045532227e-01 5.558359622955322266e-01
7.888525724411010742e-01 5.441037416458129883e-01
