4.085007309913635254e-01 5.283800959587097168e-01
4.015373885631561279e-01 5.260845422744750977e-01
4.027831256389617920e-01 5.309121608734130859e-01
4.025248885154724121e-01 5.294249653816223145e-01
4.034268856048583984e-01 5.397891998291015625e-01
4.460488259792327881e-01 5.177565813064575195e-01
4.519931077957153320e-01 5.623176097869873047e-01
5.035870671272277832e-01 5.326521396636962891e-01
5.059298276901245117e-01 5.734001398086547852e-01
5.389192104339599609e-01 4.905072152614593506e-01
5.572738647460937500e-01 5.691248178482055664e-01
5.736130475997924805e-01 5.313310623168945312e-01
5.734143853187561035e-01 5.496143102645874023e-01
6.712042689323425293e-01 5.517199039459228516e-01
6.706160902976989746e-01 5.513871908187866211e-01
8.027312755584716797e-01 5.684218406677246094e-01
8.004274368286132812e-01 5.631047487258911133e-01
