5.868276357650756836e-01 2.095462977886199951e-01
5.776581168174743652e-01 2.125649750232696533e-01
5.800801515579223633e-01 2.067255973815917969e-01
5.777277350425720215e-01 2.156454920768737793e-01
5.820125937461853027e-01 2.032713890075683594e-01
6.073625087738037109e-01 2.198840975761413574e-01
6.086902618408203125e-01 2.026025056838989258e-01
6.388002038002014160e-01 2.290783524513244629e-01
6.402261257171630859e-01 2.041613757610321045e-01
6.722030043601989746e-01 2.277569621801376343e-01
6.675475835800170898e-01 2.024912834167480469e-01
6.747713088989257812e-01 2.252764999866485596e-01
6.768875122070312500e-01 2.140030711889266968e-01
7.240232229232788086e-01 2.264728397130966187e-01
7.256428599357604980e-01 2.157303392887115479e-01
7.686819434165954590e-01 2.251541614532470703e-01
7.722972631454467773e-01 2.164351046085357666e-01
