4.730878472328186035e-01 5.226017236709594727e-01
4.714656770229339600e-01 5.216614007949829102e-01
4.674211442470550537e-01 5.217137932777404785e-01
4.785906076431274414e-01 5.281093716621398926e-01
4.714402854442596436e-01 5.165357589721679688e-01
5.244752168655395508e-01 5.381592512130737305e-01
5.126154422760009766e-01 5.028048753738403320e-01
5.283794403076171875e-01 5.575563311576843262e-01
4.574466645717620850e-01 4.871950745582580566e-01
5.268737077713012695e-01 5.413213968276977539e-01
3.583099246025085449e-01 4.952898025512695312e-01
6.208674907684326172e-01 5.229325294494628906e-01
6.175156831741333008e-01 4.955247640609741211e-01
6.984526515007019043e-01 5.193852782249450684e-01
6.962771415710449219e-01 4.969225823879241943e-01
7.840161323547363281e-01 5.089677572250366211e-01
7.828701734542846680e-01 4.843195676803588867e-01
