4.156643152236938477e-01 5.519829988479614258e-01
4.030036926269531250e-01 5.517539978027343750e-01
4.102327525615692139e-01 5.521110296249389648e-01
4.076724946498870850e-01 5.506494045257568359e-01
4.045509696006774902e-01 5.534233450889587402e-01
4.510292410850524902e-01 5.507901906967163086e-01
4.538088738918304443e-01 5.590032339096069336e-01
5.074124336242675781e-01 5.655501484870910645e-01
5.070153474807739258e-01 5.616890788078308105e-01
5.489548444747924805e-01 5.712127685546875000e-01
5.646917819976806641e-01 5.855844020843505859e-01
5.751024484634399414e-01 5.604571104049682617e-01
5.774968862533569336e-01 5.596504211425781250e-01
6.671839952468872070e-01 5.815145969390869141e-01
6.700407266616821289e-01 5.802667140960693359e-01
7.619418501853942871e-01 6.090960502624511719e-01
7.626224756240844727e-01 6.068555116653442383e-01
