3.756419420242309570e-01 5.282475352287292480e-01
3.689311146736145020e-01 5.243700742721557617e-01
3.714772164821624756e-01 5.313275456428527832e-01
3.694542646408081055e-01 5.242961645126342773e-01
3.734892010688781738e-01 5.391386151313781738e-01
4.163737893104553223e-01 5.108079910278320312e-01
4.164381921291351318e-01 5.603935122489929199e-01
4.653668403625488281e-01 5.027332305908203125e-01
4.708696603775024414e-01 5.733226537704467773e-01
5.254669189453125000e-01 4.862781465053558350e-01
5.114176273345947266e-01 5.674909353256225586e-01
5.529112815856933594e-01 5.297925472259521484e-01
5.465584993362426758e-01 5.453445315361022949e-01
6.504845619201660156e-01 5.443618297576904297e-01
6.535366773605346680e-01 5.497276186943054199e-01
7.897534370422363281e-01 5.715165138244628906e-01
7.893859744071960449e-01 5.690127015113830566e-01
