4.555926322937011719e-01 5.048605799674987793e-01
4.494672715663909912e-01 5.062894821166992188e-01
4.510668218135833740e-01 4.999679923057556152e-01
4.531616866588592529e-01 5.171895027160644531e-01
4.556246995925903320e-01 5.057635307312011719e-01
5.007072687149047852e-01 5.401116609573364258e-01
4.972433745861053467e-01 5.081909894943237305e-01
5.117522478103637695e-01 5.457605719566345215e-01
4.841197431087493896e-01 4.837541282176971436e-01
4.526214301586151123e-01 4.953977465629577637e-01
4.503190219402313232e-01 4.719701707363128662e-01
6.108337640762329102e-01 5.370853543281555176e-01
6.094274520874023438e-01 5.133206248283386230e-01
6.982634067535400391e-01 5.358911752700805664e-01
6.988306045532226562e-01 5.129776000976562500e-01
7.844247221946716309e-01 5.305192470550537109e-01
7.815074920654296875e-01 4.974198937416076660e-01
