4.029935598373413086e-01 5.425574779510498047e-01
3.843192458152770996e-01 5.319766998291015625e-01
3.922578692436218262e-01 5.430530905723571777e-01
3.846250176429748535e-01 5.333261489868164062e-01
3.974663019180297852e-01 5.540605783462524414e-01
4.411152005195617676e-01 5.357054471969604492e-01
4.387032985687255859e-01 5.480582714080810547e-01
4.932297170162200928e-01 5.273739099502563477e-01
4.852015674114227295e-01 5.700225234031677246e-01
5.163863301277160645e-01 5.752195119857788086e-01
5.141649246215820312e-01 5.798134207725524902e-01
5.633262395858764648e-01 5.447991490364074707e-01
5.638621449470520020e-01 5.480582714080810547e-01
6.616566777229309082e-01 5.576259493827819824e-01
6.627188324928283691e-01 5.592332482337951660e-01
7.913366556167602539e-01 5.764678716659545898e-01
7.925535440444946289e-01 5.762461423873901367e-01
