4.572393596172332764e-01 5.141560435295104980e-01
4.502892494201660156e-01 5.132679939270019531e-01
4.525486826896667480e-01 5.128623247146606445e-01
4.454002976417541504e-01 5.321679115295410156e-01
4.467797279357910156e-01 5.254594087600708008e-01
4.909483790397644043e-01 5.445449352264404297e-01
4.919580221176147461e-01 5.418351888656616211e-01
5.562441349029541016e-01 5.506585836410522461e-01
5.371900796890258789e-01 5.470690727233886719e-01
5.622464418411254883e-01 5.662547349929809570e-01
5.590382814407348633e-01 5.626816153526306152e-01
6.005189418792724609e-01 5.523549914360046387e-01
6.009027957916259766e-01 5.487940907478332520e-01
6.714677214622497559e-01 5.537997484207153320e-01
6.720327734947204590e-01 5.623224377632141113e-01
7.838186025619506836e-01 5.353151559829711914e-01
7.812380790710449219e-01 5.273200273513793945e-01
