5.019768476486206055e-01 5.498971939086914062e-01
4.966434836387634277e-01 5.503135919570922852e-01
4.981212019920349121e-01 5.495575666427612305e-01
4.976653754711151123e-01 5.506037473678588867e-01
4.935137033462524414e-01 5.428083539009094238e-01
5.324349403381347656e-01 5.464781522750854492e-01
5.296382904052734375e-01 5.458747148513793945e-01
5.821946859359741211e-01 5.536633133888244629e-01
5.766611695289611816e-01 5.480081439018249512e-01
6.237063407897949219e-01 5.389758348464965820e-01
6.165120601654052734e-01 5.336542725563049316e-01
6.297399401664733887e-01 5.497271418571472168e-01
6.282112002372741699e-01 5.441745519638061523e-01
7.035516500473022461e-01 5.501484870910644531e-01
7.019096612930297852e-01 5.514482259750366211e-01
7.834539413452148438e-01 5.570710897445678711e-01
7.816557884216308594e-01 5.573339462280273438e-01
