3.921285867691040039e-01 5.317571163177490234e-01
3.849037587642669678e-01 5.250568985939025879e-01
3.862425088882446289e-01 5.407222509384155273e-01
3.843130767345428467e-01 5.227487683296203613e-01
3.867838382720947266e-01 5.617733597755432129e-01
4.275572299957275391e-01 5.156955122947692871e-01
4.283933341503143311e-01 5.742616653442382812e-01
4.883608818054199219e-01 4.889310002326965332e-01
4.889976680278778076e-01 5.942775011062622070e-01
5.387752056121826172e-01 4.929824471473693848e-01
5.336780548095703125e-01 5.731668472290039062e-01
5.632957220077514648e-01 5.255978703498840332e-01
5.610187053680419922e-01 5.601961016654968262e-01
6.677560210227966309e-01 5.410014986991882324e-01
6.690437197685241699e-01 5.570200681686401367e-01
7.906019091606140137e-01 5.672668218612670898e-01
7.896894812583923340e-01 5.714657306671142578e-01
