4.933934211730957031e-01 5.355999469757080078e-01
4.872723817825317383e-01 5.372046828269958496e-01
4.832434654235839844e-01 5.289666652679443359e-01
4.900296628475189209e-01 5.464465618133544922e-01
4.882294833660125732e-01 5.205659866333007812e-01
5.246987342834472656e-01 5.609375238418579102e-01
5.266990661621093750e-01 5.016139745712280273e-01
5.671651959419250488e-01 5.739300251007080078e-01
5.566567182540893555e-01 4.856546819210052490e-01
5.293761491775512695e-01 5.677940845489501953e-01
5.347135066986083984e-01 4.881873726844787598e-01
6.277377009391784668e-01 5.506596565246582031e-01
6.280823945999145508e-01 5.119297504425048828e-01
7.191469669342041016e-01 5.389175415039062500e-01
7.234954237937927246e-01 5.193637609481811523e-01
8.012572526931762695e-01 5.402565002441406250e-01
8.029167652130126953e-01 5.111578702926635742e-01
