4.527015388011932373e-01 5.291330814361572266e-01
4.474226832389831543e-01 5.299640893936157227e-01
4.486719965934753418e-01 5.280125141143798828e-01
4.422672390937805176e-01 5.420300960540771484e-01
4.471751451492309570e-01 5.280659198760986328e-01
4.919403195381164551e-01 5.556674599647521973e-01
4.885128140449523926e-01 5.160180330276489258e-01
5.256612896919250488e-01 5.708019137382507324e-01
5.237327218055725098e-01 5.139890909194946289e-01
5.577692985534667969e-01 5.527118444442749023e-01
5.491194725036621094e-01 5.166165828704833984e-01
6.057819128036499023e-01 5.544877052307128906e-01
6.057615876197814941e-01 5.310033559799194336e-01
6.941664218902587891e-01 5.508468747138977051e-01
6.913304328918457031e-01 5.397254228591918945e-01
7.814335823059082031e-01 5.564123392105102539e-01
7.811848521232604980e-01 5.468072891235351562e-01
