4.806508719921112061e-01 5.276242494583129883e-01
4.736482501029968262e-01 5.284408926963806152e-01
4.749897122383117676e-01 5.241365432739257812e-01
4.822689890861511230e-01 5.408733487129211426e-01
4.754038453102111816e-01 5.154632329940795898e-01
5.246299505233764648e-01 5.480586886405944824e-01
5.182355642318725586e-01 5.089446306228637695e-01
5.624089837074279785e-01 5.644382238388061523e-01
5.407426357269287109e-01 4.977356791496276855e-01
5.801426768302917480e-01 5.546245574951171875e-01
5.336964726448059082e-01 4.983777701854705811e-01
6.158711910247802734e-01 5.397166013717651367e-01
6.132776141166687012e-01 5.090777277946472168e-01
6.913911104202270508e-01 5.416508913040161133e-01
6.914200782775878906e-01 5.083437561988830566e-01
7.533983588218688965e-01 5.534049868583679199e-01
7.631810903549194336e-01 5.000221729278564453e-01
