4.046397209167480469e-01 5.540348887443542480e-01
3.778151869773864746e-01 5.304926037788391113e-01
3.886322975158691406e-01 5.351202487945556641e-01
3.932321965694427490e-01 5.127013325691223145e-01
3.935037553310394287e-01 5.403360128402709961e-01
4.376604557037353516e-01 5.137312412261962891e-01
4.428345859050750732e-01 5.642417669296264648e-01
5.002642869949340820e-01 5.181595683097839355e-01
4.969536066055297852e-01 5.734110474586486816e-01
5.375304818153381348e-01 5.601757764816284180e-01
5.363004207611083984e-01 5.708018541336059570e-01
5.747601389884948730e-01 5.312895774841308594e-01
5.743118524551391602e-01 5.486884713172912598e-01
6.719782352447509766e-01 5.348527431488037109e-01
6.749066114425659180e-01 5.464829206466674805e-01
7.964346408843994141e-01 5.476332902908325195e-01
7.914791107177734375e-01 5.503559708595275879e-01
