4.055729508399963379e-01 5.214507579803466797e-01
3.981332480907440186e-01 5.288824439048767090e-01
3.990560173988342285e-01 5.303691625595092773e-01
3.957290649414062500e-01 5.306529998779296875e-01
3.988587260246276855e-01 5.248196125030517578e-01
4.379590451717376709e-01 5.361659526824951172e-01
4.377846717834472656e-01 5.173106193542480469e-01
4.983715415000915527e-01 5.653547048568725586e-01
5.010333657264709473e-01 5.499877929687500000e-01
5.221572518348693848e-01 5.686944127082824707e-01
5.404719114303588867e-01 5.541285276412963867e-01
5.679330229759216309e-01 5.585012435913085938e-01
5.703172683715820312e-01 5.467686057090759277e-01
6.600047349929809570e-01 5.847126245498657227e-01
6.660555601119995117e-01 5.818126201629638672e-01
7.666363716125488281e-01 6.241511106491088867e-01
7.691609263420104980e-01 6.218123435974121094e-01
