4.978826045989990234e-01 5.511523485183715820e-01
4.870702624320983887e-01 5.451413393020629883e-01
4.879477024078369141e-01 5.413651466369628906e-01
4.894547462463378906e-01 5.461643934249877930e-01
4.903957843780517578e-01 5.246248841285705566e-01
5.296506881713867188e-01 5.524929761886596680e-01
5.331088304519653320e-01 5.315650105476379395e-01
5.769453048706054688e-01 5.594260692596435547e-01
5.746478438377380371e-01 5.285753607749938965e-01
6.106413006782531738e-01 5.487960577011108398e-01
6.059257984161376953e-01 5.332944989204406738e-01
6.263117790222167969e-01 5.525139570236206055e-01
6.259397864341735840e-01 5.418168306350708008e-01
6.989235281944274902e-01 5.514271259307861328e-01
6.991252899169921875e-01 5.507926344871520996e-01
7.846593260765075684e-01 5.599613189697265625e-01
7.830438017845153809e-01 5.585335493087768555e-01
