3.350899219512939453e-01 8.873553276062011719e-01
3.307031691074371338e-01 8.918265700340270996e-01
3.312109112739562988e-01 8.836880922317504883e-01
3.285502791404724121e-01 9.009423255920410156e-01
3.314575850963592529e-01 8.779312968254089355e-01
3.543179035186767578e-01 9.058021306991577148e-01
3.593302369117736816e-01 8.567386865615844727e-01
3.898610472679138184e-01 9.117157459259033203e-01
3.940503001213073730e-01 8.501715064048767090e-01
4.150951802730560303e-01 9.039696455001831055e-01
4.214468896389007568e-01 8.620280027389526367e-01
4.269073009490966797e-01 8.983001708984375000e-01
4.271434545516967773e-01 8.729608058929443359e-01
4.683708846569061279e-01 9.130879640579223633e-01
4.788243472576141357e-01 8.695231676101684570e-01
5.113563537597656250e-01 9.007512331008911133e-01
5.110321640968322754e-01 8.686876296997070312e-01
