3.927633762359619141e-01 5.428754687309265137e-01
3.821258544921875000e-01 5.318373441696166992e-01
3.897316157817840576e-01 5.442236661911010742e-01
3.868812024593353271e-01 5.249780416488647461e-01
3.842688798904418945e-01 5.336800217628479004e-01
4.184274673461914062e-01 5.024466514587402344e-01
4.217348694801330566e-01 5.319503545761108398e-01
4.932918548583984375e-01 5.202772021293640137e-01
4.917258024215698242e-01 5.421289205551147461e-01
5.371218919754028320e-01 5.690248012542724609e-01
5.392504930496215820e-01 5.716815590858459473e-01
5.501812696456909180e-01 5.135104656219482422e-01
5.515412092208862305e-01 5.212831497192382812e-01
6.495527029037475586e-01 5.199546217918395996e-01
6.532001495361328125e-01 5.206834077835083008e-01
7.120694518089294434e-01 5.176794528961181641e-01
7.152528166770935059e-01 5.189070701599121094e-01
