4.600155949592590332e-01 5.719141960144042969e-01
4.732679128646850586e-01 6.030597090721130371e-01
4.431630074977874756e-01 5.348598361015319824e-01
4.311295747756958008e-01 5.267576575279235840e-01
4.326221346855163574e-01 5.241533517837524414e-01
4.794064760208129883e-01 5.562783479690551758e-01
4.748296439647674561e-01 5.332043170928955078e-01
5.313560962677001953e-01 6.005393266677856445e-01
5.305414199829101562e-01 5.943014621734619141e-01
5.568593144416809082e-01 5.876792669296264648e-01
5.548919439315795898e-01 5.882949829101562500e-01
5.601385235786437988e-01 5.671995282173156738e-01
5.609985589981079102e-01 5.663392543792724609e-01
5.969849228858947754e-01 5.647072792053222656e-01
5.980313420295715332e-01 5.611491203308105469e-01
6.174390316009521484e-01 6.060106754302978516e-01
6.154306530952453613e-01 6.054155230522155762e-01
