2.008107900619506836e-01 5.450541973114013672e-01
1.897884011268615723e-01 5.366200208663940430e-01
1.900976896286010742e-01 5.441815257072448730e-01
1.971040070056915283e-01 5.019339323043823242e-01
1.973362267017364502e-01 5.340417027473449707e-01
2.642090916633605957e-01 4.900063276290893555e-01
2.640248537063598633e-01 5.227877497673034668e-01
3.816334605216979980e-01 5.477105975151062012e-01
3.769575357437133789e-01 5.482888221740722656e-01
4.247657656669616699e-01 6.003230810165405273e-01
4.233022332191467285e-01 5.984169840812683105e-01
4.510313272476196289e-01 4.656327664852142334e-01
4.480544030666351318e-01 4.668887555599212646e-01
6.149471998214721680e-01 5.013834834098815918e-01
6.242408752441406250e-01 4.966919422149658203e-01
7.711229324340820312e-01 5.621731877326965332e-01
8.172436952590942383e-01 4.726822972297668457e-01
