4.779772758483886719e-01 6.040778756141662598e-01
4.410517215728759766e-01 5.499354600906372070e-01
4.408614337444305420e-01 5.439240932464599609e-01
4.745178222656250000e-01 6.161730289459228516e-01
4.279150664806365967e-01 5.330675840377807617e-01
4.930781126022338867e-01 6.148744821548461914e-01
4.634136557579040527e-01 5.363566875457763672e-01
5.346016883850097656e-01 6.069637537002563477e-01
5.349327325820922852e-01 5.876929759979248047e-01
5.448446273803710938e-01 6.099824905395507812e-01
5.450580120086669922e-01 5.945910811424255371e-01
5.652647018432617188e-01 5.675019621849060059e-01
5.675066709518432617e-01 5.389913320541381836e-01
5.968320965766906738e-01 5.639458298683166504e-01
6.078052520751953125e-01 5.322114229202270508e-01
8.596582412719726562e-01 3.632706403732299805e-01
8.605426549911499023e-01 3.614093959331512451e-01
