1.996152251958847046e-01 5.526461601257324219e-01
1.883149594068527222e-01 5.396357178688049316e-01
1.891118288040161133e-01 5.526092052459716797e-01
1.953136920928955078e-01 5.126106739044189453e-01
1.962078809738159180e-01 5.411503314971923828e-01
2.603592574596405029e-01 4.995138049125671387e-01
2.648128271102905273e-01 5.289502739906311035e-01
3.825967311859130859e-01 5.498993396759033203e-01
3.792495429515838623e-01 5.517268180847167969e-01
4.346771240234375000e-01 6.054729223251342773e-01
4.338103532791137695e-01 6.033366918563842773e-01
4.519366621971130371e-01 4.676745533943176270e-01
4.480644166469573975e-01 4.657902717590332031e-01
6.144509911537170410e-01 4.987707138061523438e-01
6.204314827919006348e-01 4.878086447715759277e-01
7.676278948783874512e-01 5.517842769622802734e-01
8.141465187072753906e-01 4.677287340164184570e-01
