4.206111431121826172e-01 4.748683571815490723e-01
4.022655487060546875e-01 4.575600624084472656e-01
4.014290273189544678e-01 4.595000743865966797e-01
4.137456417083740234e-01 4.648155868053436279e-01
4.138482213020324707e-01 4.702956080436706543e-01
4.479867815971374512e-01 4.690453410148620605e-01
4.516354799270629883e-01 4.870985746383666992e-01
5.153440237045288086e-01 4.670332074165344238e-01
5.197967290878295898e-01 5.074712038040161133e-01
5.605391263961791992e-01 4.741956889629364014e-01
5.598430633544921875e-01 5.234227180480957031e-01
5.832172632217407227e-01 4.633841514587402344e-01
5.820650458335876465e-01 4.793436527252197266e-01
6.817336082458496094e-01 4.670883119106292725e-01
6.780837774276733398e-01 4.717615842819213867e-01
8.087475299835205078e-01 4.523358345031738281e-01
8.055312037467956543e-01 4.549063444137573242e-01
