5.011950731277465820e-01 1.788619607686996460e-01
4.938740432262420654e-01 1.799608170986175537e-01
4.951402544975280762e-01 1.761084645986557007e-01
4.914641976356506348e-01 1.879826486110687256e-01
4.936080574989318848e-01 1.736305654048919678e-01
5.259319543838500977e-01 1.951767504215240479e-01
5.312033295631408691e-01 1.667681634426116943e-01
5.941216945648193359e-01 2.024716585874557495e-01
5.914075970649719238e-01 1.756131052970886230e-01
6.158611178398132324e-01 2.034423947334289551e-01
6.142400503158569336e-01 1.914126276969909668e-01
6.312749385833740234e-01 1.936714649200439453e-01
6.318806409835815430e-01 1.756537556648254395e-01
7.000913619995117188e-01 1.939859092235565186e-01
7.055407762527465820e-01 1.850300729274749756e-01
7.872339487075805664e-01 2.048959136009216309e-01
7.888371944427490234e-01 1.947750896215438843e-01
