4.837228059768676758e-01 5.895599126815795898e-01
4.803507924079895020e-01 5.923696756362915039e-01
4.806649088859558105e-01 5.876147747039794922e-01
4.758053421974182129e-01 5.966566801071166992e-01
4.749130010604858398e-01 5.846895575523376465e-01
4.907759428024291992e-01 5.986542105674743652e-01
4.914695918560028076e-01 5.864717364311218262e-01
5.310070514678955078e-01 5.960860252380371094e-01
5.326640605926513672e-01 5.721378326416015625e-01
5.502744317054748535e-01 5.938184261322021484e-01
5.533136725425720215e-01 5.803918838500976562e-01
5.622189640998840332e-01 5.922225713729858398e-01
5.563234090805053711e-01 5.846283435821533203e-01
5.876982808113098145e-01 5.809120535850524902e-01
5.824637413024902344e-01 5.722043514251708984e-01
6.277811527252197266e-01 5.985697507858276367e-01
6.242231130599975586e-01 5.960068702697753906e-01
