4.383611083030700684e-01 5.524747967720031738e-01
4.295240044593811035e-01 5.589585304260253906e-01
4.293144643306732178e-01 5.584063529968261719e-01
4.541793763637542725e-01 5.995802879333496094e-01
4.236547946929931641e-01 5.429957509040832520e-01
4.806752204895019531e-01 6.107813715934753418e-01
4.482826888561248779e-01 5.469469428062438965e-01
5.098811388015747070e-01 6.211732625961303711e-01
5.070580244064331055e-01 6.038117408752441406e-01
5.408053398132324219e-01 6.030367612838745117e-01
5.394052267074584961e-01 5.941721796989440918e-01
5.410528779029846191e-01 6.003277897834777832e-01
5.416150093078613281e-01 5.931043624877929688e-01
5.690768957138061523e-01 5.840767621994018555e-01
5.703417062759399414e-01 5.772301554679870605e-01
6.158487796783447266e-01 6.114370226860046387e-01
5.985672473907470703e-01 5.692853927612304688e-01
