5.059897303581237793e-01 5.887116193771362305e-01
5.025793313980102539e-01 5.914430618286132812e-01
4.981095194816589355e-01 5.896472930908203125e-01
4.924061298370361328e-01 6.034045219421386719e-01
4.945423603057861328e-01 5.895976424217224121e-01
5.204879641532897949e-01 6.046029925346374512e-01
5.236454606056213379e-01 5.865412950515747070e-01
5.559685230255126953e-01 6.010805368423461914e-01
5.531852841377258301e-01 5.836062431335449219e-01
5.596394538879394531e-01 5.916560888290405273e-01
5.621425509452819824e-01 5.756812095642089844e-01
5.855963230133056641e-01 6.058824658393859863e-01
5.795862078666687012e-01 5.921985507011413574e-01
5.919395089149475098e-01 5.870753526687622070e-01
5.932135581970214844e-01 5.822554230690002441e-01
6.275703907012939453e-01 6.042292118072509766e-01
6.200232505798339844e-01 5.932475328445434570e-01
