4.245802760124206543e-01 4.888227880001068115e-01
4.824475571513175964e-02 6.557193994522094727e-01
4.232992827892303467e-01 4.909912347793579102e-01
4.920311868190765381e-01 1.842396110296249390e-01
4.898340106010437012e-01 1.841543018817901611e-01
4.638074338436126709e-01 4.568509459495544434e-01
4.738641381263732910e-01 5.020552873611450195e-01
5.914011001586914062e-01 2.014350295066833496e-01
5.308688282966613770e-01 5.136420130729675293e-01
5.690652728080749512e-01 4.761007428169250488e-01
5.649355649948120117e-01 5.241971015930175781e-01
5.825866460800170898e-01 4.608531892299652100e-01
5.823866128921508789e-01 4.822445809841156006e-01
6.755142211914062500e-01 4.703336954116821289e-01
6.695029735565185547e-01 4.785335958003997803e-01
7.224277853965759277e-01 4.692986011505126953e-01
7.207852602005004883e-01 4.743234813213348389e-01
