2.141526341438293457e-01 5.899472236633300781e-01
2.016219794750213623e-01 5.779917240142822266e-01
2.022951841354370117e-01 5.889325141906738281e-01
2.047649472951889038e-01 5.510978698730468750e-01
2.040168941020965576e-01 5.814588069915771484e-01
2.644725143909454346e-01 5.339126586914062500e-01
2.674212753772735596e-01 5.588939189910888672e-01
3.852821290493011475e-01 5.587334036827087402e-01
3.765563666820526123e-01 5.625002384185791016e-01
4.388164281845092773e-01 6.042532920837402344e-01
4.409972429275512695e-01 5.982059240341186523e-01
4.487062692642211914e-01 4.784703254699707031e-01
4.448904991149902344e-01 4.712739586830139160e-01
6.157166957855224609e-01 4.870720505714416504e-01
6.227182149887084961e-01 4.694655835628509521e-01
7.727405428886413574e-01 5.121290683746337891e-01
8.190371394157409668e-01 4.212566316127777100e-01
