4.943539798259735107e-01 1.831469982862472534e-01
4.906743168830871582e-01 1.829935163259506226e-01
4.906395375728607178e-01 1.834795922040939331e-01
4.928023219108581543e-01 1.874510049819946289e-01
4.916706085205078125e-01 1.768748462200164795e-01
5.255486965179443359e-01 1.993177831172943115e-01
5.327466726303100586e-01 1.672172844409942627e-01
5.863590836524963379e-01 2.093321084976196289e-01
5.833946466445922852e-01 1.608569175004959106e-01
6.167134642601013184e-01 2.084331363439559937e-01
6.105054616928100586e-01 1.747631877660751343e-01
6.324742436408996582e-01 1.912171542644500732e-01
6.323337554931640625e-01 1.729844808578491211e-01
7.004181146621704102e-01 1.932594031095504761e-01
7.052950859069824219e-01 1.856264919042587280e-01
7.844027876853942871e-01 2.093917131423950195e-01
7.846242785453796387e-01 1.923809349536895752e-01
