4.989524483680725098e-01 1.777597516775131226e-01
4.924759566783905029e-01 1.812277287244796753e-01
4.927729070186614990e-01 1.749382466077804565e-01
4.907507896423339844e-01 1.869098842144012451e-01
4.925845265388488770e-01 1.725151985883712769e-01
5.244815349578857422e-01 1.948366016149520874e-01
5.304846167564392090e-01 1.657962203025817871e-01
5.924201011657714844e-01 2.018552720546722412e-01
5.837121009826660156e-01 1.572757959365844727e-01
6.175587177276611328e-01 2.032935917377471924e-01
6.163706183433532715e-01 1.893481463193893433e-01
6.308167576789855957e-01 1.930693238973617554e-01
6.313682794570922852e-01 1.749433726072311401e-01
6.987735033035278320e-01 1.934790909290313721e-01
7.041165232658386230e-01 1.842917054891586304e-01
7.871167659759521484e-01 2.045533061027526855e-01
7.886330485343933105e-01 1.918686628341674805e-01
