4.271136224269866943e-01 5.600883960723876953e-01
4.262174963951110840e-01 5.611791610717773438e-01
4.260587394237518311e-01 5.582417845726013184e-01
4.315628409385681152e-01 5.607315301895141602e-01
4.459360241889953613e-01 5.417907238006591797e-01
4.665001332759857178e-01 5.544204115867614746e-01
4.667011201381683350e-01 5.271509289741516113e-01
4.945639967918395996e-01 5.771093368530273438e-01
4.889888167381286621e-01 5.253164768218994141e-01
5.183024406433105469e-01 5.819805860519409180e-01
5.484111905097961426e-01 5.378277301788330078e-01
5.507586598396301270e-01 5.186730027198791504e-01
5.569871664047241211e-01 4.995506703853607178e-01
6.962168216705322266e-01 4.800338745117187500e-01
6.943944692611694336e-01 4.748118519783020020e-01
7.247308492660522461e-01 4.807580411434173584e-01
7.255163192749023438e-01 4.758228957653045654e-01
