6.069406270980834961e-01 4.574396312236785889e-01
6.008881330490112305e-01 4.588786065578460693e-01
6.014190316200256348e-01 4.640725255012512207e-01
5.989269018173217773e-01 4.547773301601409912e-01
5.962695479393005371e-01 4.623531103134155273e-01
6.226050257682800293e-01 4.380153119564056396e-01
6.226283311843872070e-01 4.444724023342132568e-01
6.758539676666259766e-01 4.278373420238494873e-01
6.604267358779907227e-01 4.404655098915100098e-01
7.089961767196655273e-01 4.442014396190643311e-01
7.065798044204711914e-01 4.431493878364562988e-01
7.202010154724121094e-01 4.174895286560058594e-01
7.239264845848083496e-01 4.176392257213592529e-01
8.074127435684204102e-01 4.148398339748382568e-01
8.070974349975585938e-01 4.182834327220916748e-01
9.408084750175476074e-01 4.306061863899230957e-01
9.220894575119018555e-01 4.302676320075988770e-01
