5.678410530090332031e-01 2.020993530750274658e-01
5.596221685409545898e-01 2.157006859779357910e-01
5.618765354156494141e-01 2.201649546623229980e-01
5.558263063430786133e-01 2.132536023855209351e-01
5.598570108413696289e-01 2.226312607526779175e-01
5.880258083343505859e-01 1.947276592254638672e-01
5.929015874862670898e-01 2.348769605159759521e-01
6.348592042922973633e-01 2.002085149288177490e-01
6.419462561607360840e-01 2.675907313823699951e-01
6.737553477287292480e-01 2.106311917304992676e-01
6.702635288238525391e-01 2.953414916992187500e-01
6.888699531555175781e-01 2.077930569648742676e-01
6.881536841392517090e-01 2.305004596710205078e-01
7.771121859550476074e-01 2.104324996471405029e-01
7.758851051330566406e-01 2.391366958618164062e-01
8.891515731811523438e-01 2.046045958995819092e-01
8.892657160758972168e-01 2.140116095542907715e-01
