6.663673520088195801e-01 7.321678996086120605e-01
7.258112430572509766e-01 3.285982608795166016e-01
7.247107028961181641e-01 3.238614797592163086e-01
6.594774127006530762e-01 7.397436499595642090e-01
6.596108675003051758e-01 7.365144491195678711e-01
6.770421266555786133e-01 7.387286424636840820e-01
6.771981716156005859e-01 7.362889647483825684e-01
6.891294717788696289e-01 7.474302053451538086e-01
4.750705957412719727e-01 2.753867506980895996e-01
4.988575577735900879e-01 5.453022122383117676e-01
5.683050155639648438e-01 3.301685750484466553e-01
4.961837232112884521e-01 3.989324271678924561e-01
5.187332630157470703e-01 3.685416579246520996e-01
5.293031930923461914e-01 4.883952736854553223e-01
6.213850975036621094e-01 3.792026937007904053e-01
6.677726507186889648e-01 5.316315293312072754e-01
7.839884757995605469e-01 3.808800578117370605e-01
