6.462899446487426758e-01 4.789979457855224609e-01
6.418452262878417969e-01 4.798067510128021240e-01
6.434270143508911133e-01 4.801054894924163818e-01
6.391867995262145996e-01 4.741228818893432617e-01
6.442482471466064453e-01 4.563821554183959961e-01
6.705000400543212891e-01 4.591045379638671875e-01
6.710389852523803711e-01 4.595001637935638428e-01
7.175597548484802246e-01 4.513569474220275879e-01
7.121154069900512695e-01 4.608267545700073242e-01
7.689278125762939453e-01 4.616481661796569824e-01
7.682630419731140137e-01 4.594025611877441406e-01
7.695482969284057617e-01 4.362006187438964844e-01
7.702581882476806641e-01 4.385466575622558594e-01
8.383597731590270996e-01 4.473401010036468506e-01
8.435592651367187500e-01 4.431119561195373535e-01
9.274341464042663574e-01 4.399824142456054688e-01
9.457547068595886230e-01 4.392963051795959473e-01
