6.028803586959838867e-01 3.840037286281585693e-01
5.998429059982299805e-01 3.843419551849365234e-01
5.996812582015991211e-01 3.745807409286499023e-01
5.988346934318542480e-01 3.839367330074310303e-01
6.005927324295043945e-01 3.833399713039398193e-01
6.074048876762390137e-01 3.837245404720306396e-01
6.077155470848083496e-01 3.744435012340545654e-01
6.234339475631713867e-01 3.954476714134216309e-01
6.227581501007080078e-01 3.790919184684753418e-01
6.388094425201416016e-01 3.902388513088226318e-01
6.377822756767272949e-01 3.866114020347595215e-01
6.486920714378356934e-01 3.767163753509521484e-01
6.486616134643554688e-01 3.746507167816162109e-01
6.668553352355957031e-01 3.819327950477600098e-01
6.661174297332763672e-01 3.764673471450805664e-01
6.667336225509643555e-01 3.895244598388671875e-01
6.654652953147888184e-01 3.902189731597900391e-01
