5.503429174423217773e-01 2.928271293640136719e-01
5.466099977493286133e-01 3.010273575782775879e-01
5.433170795440673828e-01 2.902598679065704346e-01
5.434000492095947266e-01 3.002969026565551758e-01
5.415448546409606934e-01 2.847527563571929932e-01
5.850129127502441406e-01 3.029076457023620605e-01
5.822399258613586426e-01 2.770422697067260742e-01
6.375865340232849121e-01 3.095441460609436035e-01
6.361832618713378906e-01 2.460455000400543213e-01
6.734610795974731445e-01 3.896350562572479248e-01
6.451351046562194824e-01 1.653245687484741211e-01
7.271930575370788574e-01 2.774034142494201660e-01
7.288814783096313477e-01 2.560865283012390137e-01
8.330568671226501465e-01 2.728757858276367188e-01
8.326441645622253418e-01 2.512127757072448730e-01
9.468132257461547852e-01 2.877727150917053223e-01
9.531535506248474121e-01 2.609782218933105469e-01
