6.680077910423278809e-01 4.127438068389892578e-01
6.617125868797302246e-01 4.181905388832092285e-01
6.605279445648193359e-01 4.124388694763183594e-01
6.473640203475952148e-01 4.129639863967895508e-01
6.471915841102600098e-01 3.937839865684509277e-01
6.605675816535949707e-01 3.920478522777557373e-01
6.608743071556091309e-01 3.568702638149261475e-01
7.282712459564208984e-01 3.606193661689758301e-01
7.225272655487060547e-01 3.177087306976318359e-01
7.848328351974487305e-01 3.822073638439178467e-01
7.849068641662597656e-01 3.468059003353118896e-01
7.409809827804565430e-01 3.576206862926483154e-01
7.423285245895385742e-01 3.251005411148071289e-01
8.097484111785888672e-01 3.578517436981201172e-01
8.071954250335693359e-01 3.314782381057739258e-01
9.053943157196044922e-01 3.456760644912719727e-01
8.800653815269470215e-01 2.902507483959197998e-01
