5.626517534255981445e-01 3.413126170635223389e-01
5.551456212997436523e-01 3.437311053276062012e-01
5.565167665481567383e-01 3.369237184524536133e-01
5.528720617294311523e-01 3.416552245616912842e-01
5.489181876182556152e-01 3.257504999637603760e-01
5.902209281921386719e-01 3.455375134944915771e-01
5.850815773010253906e-01 3.165671825408935547e-01
6.351498365402221680e-01 3.562401235103607178e-01
6.369245648384094238e-01 3.273091316223144531e-01
6.264791488647460938e-01 3.520295321941375732e-01
5.806490182876586914e-01 3.196954131126403809e-01
7.237195372581481934e-01 3.229969739913940430e-01
7.178406119346618652e-01 3.059687614440917969e-01
8.102979063987731934e-01 3.194752931594848633e-01
8.143934011459350586e-01 3.054322004318237305e-01
9.275819063186645508e-01 2.978657186031341553e-01
9.301921725273132324e-01 2.793231010437011719e-01
