6.126465797424316406e-01 3.397472500801086426e-01
6.026483774185180664e-01 3.378520011901855469e-01
6.122100353240966797e-01 3.494172990322113037e-01
5.801864266395568848e-01 3.199050724506378174e-01
6.077340841293334961e-01 3.478450179100036621e-01
6.234870553016662598e-01 3.084712922573089600e-01
6.282442212104797363e-01 3.399169445037841797e-01
6.758277416229248047e-01 2.877951264381408691e-01
6.714719533920288086e-01 3.485282361507415771e-01
7.023138999938964844e-01 3.408802747726440430e-01
7.002335786819458008e-01 3.456422984600067139e-01
7.524523138999938965e-01 3.019467592239379883e-01
7.529565691947937012e-01 3.133725821971893311e-01
8.665879964828491211e-01 3.025248646736145020e-01
8.672971725463867188e-01 2.967919707298278809e-01
9.649256467819213867e-01 3.136223554611206055e-01
9.682300090789794922e-01 3.020528554916381836e-01
