6.135618686676025391e-01 3.969504833221435547e-01
6.066434383392333984e-01 3.947970271110534668e-01
6.110459566116333008e-01 3.979936838150024414e-01
5.978664755821228027e-01 3.842867612838745117e-01
6.072643995285034180e-01 3.905362486839294434e-01
6.120632290840148926e-01 3.534832596778869629e-01
6.227171421051025391e-01 3.740162253379821777e-01
6.903765201568603516e-01 3.270303606986999512e-01
6.877161860466003418e-01 3.491653203964233398e-01
6.863845586776733398e-01 3.670487105846405029e-01
7.122828364372253418e-01 3.712860941886901855e-01
6.741747856140136719e-01 3.412387371063232422e-01
6.760933399200439453e-01 3.598093390464782715e-01
7.588402032852172852e-01 3.167369067668914795e-01
7.706353068351745605e-01 3.431625962257385254e-01
8.571683764457702637e-01 3.060443401336669922e-01
8.591501116752624512e-01 3.211334645748138428e-01
