6.224406957626342773e-01 4.764034152030944824e-01
6.111949682235717773e-01 4.690530896186828613e-01
6.182157993316650391e-01 4.779266119003295898e-01
6.176313161849975586e-01 4.408532977104187012e-01
6.346101760864257812e-01 4.611639678478240967e-01
6.337035894393920898e-01 4.083903729915618896e-01
6.907211542129516602e-01 4.517062306404113770e-01
5.213133096694946289e-01 4.439302682876586914e-01
7.998714447021484375e-01 3.934137821197509766e-01
4.143558442592620850e-01 4.904137551784515381e-01
8.038005232810974121e-01 3.863391876220703125e-01
7.393688559532165527e-01 3.336334824562072754e-01
7.650747299194335938e-01 3.813494443893432617e-01
8.967686891555786133e-01 3.225815892219543457e-01
9.173265695571899414e-01 3.582728505134582520e-01
9.783033132553100586e-01 3.487526178359985352e-01
9.679367542266845703e-01 3.582834005355834961e-01
