4.964095056056976318e-01 2.990559935569763184e-01
4.927882850170135498e-01 2.978717386722564697e-01
4.923081994056701660e-01 3.005023598670959473e-01
4.912736117839813232e-01 2.960021793842315674e-01
4.943482279777526855e-01 2.989374995231628418e-01
5.175216197967529297e-01 2.843986153602600098e-01
5.150114297866821289e-01 2.967624068260192871e-01
5.346145033836364746e-01 2.848791480064392090e-01
5.338124036788940430e-01 2.925131916999816895e-01
5.621570348739624023e-01 2.848608493804931641e-01
5.573057532310485840e-01 2.848074138164520264e-01
5.738989114761352539e-01 2.780542969703674316e-01
5.744778513908386230e-01 2.931350469589233398e-01
6.309355497360229492e-01 2.987232804298400879e-01
6.302196979522705078e-01 3.013800978660583496e-01
6.927015781402587891e-01 2.921496331691741943e-01
6.913542151451110840e-01 2.973807454109191895e-01
