5.532419681549072266e-01 5.709725618362426758e-01
5.531981587409973145e-01 5.768760442733764648e-01
5.521433353424072266e-01 5.717167854309082031e-01
5.532350540161132812e-01 5.763480663299560547e-01
5.515418052673339844e-01 5.720548629760742188e-01
5.675750374794006348e-01 5.756473541259765625e-01
5.668779611587524414e-01 5.723673105239868164e-01
5.806320309638977051e-01 5.736361742019653320e-01
5.795304775238037109e-01 5.683895349502563477e-01
6.002964973449707031e-01 5.738066434860229492e-01
5.990016460418701172e-01 5.698997974395751953e-01
6.064885854721069336e-01 5.731322765350341797e-01
6.077747344970703125e-01 5.736505985260009766e-01
6.354469060897827148e-01 5.759273767471313477e-01
6.354672908782958984e-01 5.717997550964355469e-01
6.739487051963806152e-01 5.691634416580200195e-01
6.730982065200805664e-01 5.660183429718017578e-01
