5.463255047798156738e-01 5.583648085594177246e-01
5.435474514961242676e-01 5.591648221015930176e-01
5.437703728675842285e-01 5.590678453445434570e-01
5.463856458663940430e-01 5.620731711387634277e-01
5.461251735687255859e-01 5.607725381851196289e-01
5.656367540359497070e-01 5.637437701225280762e-01
5.637532472610473633e-01 5.599431395530700684e-01
5.805884599685668945e-01 5.672283172607421875e-01
5.803593993186950684e-01 5.589142441749572754e-01
6.070436239242553711e-01 5.668892264366149902e-01
6.047222614288330078e-01 5.607155561447143555e-01
6.097797155380249023e-01 5.548306107521057129e-01
6.105551719665527344e-01 5.553390979766845703e-01
6.386723518371582031e-01 5.584344863891601562e-01
6.382687091827392578e-01 5.564329624176025391e-01
6.737667322158813477e-01 5.565938949584960938e-01
6.716761589050292969e-01 5.551471710205078125e-01
