5.373329520225524902e-01 5.605843663215637207e-01
5.284795761108398438e-01 5.603235363960266113e-01
5.305563807487487793e-01 5.615646839141845703e-01
5.326524972915649414e-01 5.632951259613037109e-01
5.300171971321105957e-01 5.639789700508117676e-01
5.565119981765747070e-01 5.632094144821166992e-01
5.507934093475341797e-01 5.598211884498596191e-01
5.725191831588745117e-01 5.677258968353271484e-01
5.725657343864440918e-01 5.610841512680053711e-01
5.971555709838867188e-01 5.624178647994995117e-01
5.947508811950683594e-01 5.631428956985473633e-01
5.987713336944580078e-01 5.688053965568542480e-01
5.991791486740112305e-01 5.707350969314575195e-01
6.310212016105651855e-01 5.695639848709106445e-01
6.316632628440856934e-01 5.602135658264160156e-01
6.654607057571411133e-01 5.638225674629211426e-01
6.699366569519042969e-01 5.647240877151489258e-01
