5.285241603851318359e-01 2.982243895530700684e-01
5.246956944465637207e-01 2.974985539913177490e-01
5.240229368209838867e-01 2.980325520038604736e-01
5.267209410667419434e-01 2.940476536750793457e-01
5.260891914367675781e-01 2.993653714656829834e-01
5.524916648864746094e-01 2.877352833747863770e-01
5.516734719276428223e-01 2.934762835502624512e-01
5.710117816925048828e-01 2.877611517906188965e-01
5.735586881637573242e-01 2.977111637592315674e-01
5.883292555809020996e-01 2.931780219078063965e-01
5.857844948768615723e-01 2.980428338050842285e-01
6.158832907676696777e-01 2.936381697654724121e-01
6.153752803802490234e-01 2.983156442642211914e-01
6.611281037330627441e-01 2.985925674438476562e-01
6.623249650001525879e-01 3.020400404930114746e-01
7.375404238700866699e-01 2.977187335491180420e-01
7.380106449127197266e-01 3.008218407630920410e-01
