5.744431018829345703e-01 3.014537394046783447e-01
5.729572772979736328e-01 3.005227446556091309e-01
5.736113786697387695e-01 3.013466000556945801e-01
5.744770169258117676e-01 2.979881465435028076e-01
5.751266479492187500e-01 2.993224263191223145e-01
5.890523195266723633e-01 2.974767088890075684e-01
5.863944292068481445e-01 2.969119548797607422e-01
6.067023277282714844e-01 3.028039336204528809e-01
6.055395603179931641e-01 3.001790642738342285e-01
6.158390045166015625e-01 3.073382973670959473e-01
6.182465553283691406e-01 3.048495650291442871e-01
6.352238059043884277e-01 3.059620857238769531e-01
6.368812322616577148e-01 3.054470419883728027e-01
6.584820747375488281e-01 3.150127530097961426e-01
6.816028356552124023e-01 3.383502960205078125e-01
7.650452852249145508e-01 3.642527759075164795e-01
7.624751925468444824e-01 3.669233918190002441e-01
