5.296376943588256836e-01 5.475717782974243164e-01
5.250918269157409668e-01 5.470772981643676758e-01
5.257884263992309570e-01 5.472309589385986328e-01
5.264383554458618164e-01 5.471506118774414062e-01
5.267637372016906738e-01 5.504173636436462402e-01
5.577434301376342773e-01 5.542793273925781250e-01
5.535503625869750977e-01 5.621832013130187988e-01
5.771679878234863281e-01 5.547983050346374512e-01
5.738897323608398438e-01 5.639662742614746094e-01
6.099418997764587402e-01 5.521451830863952637e-01
6.020503044128417969e-01 5.610185861587524414e-01
5.985848903656005859e-01 5.492837429046630859e-01
6.005482673645019531e-01 5.568278431892395020e-01
6.286599636077880859e-01 5.535608530044555664e-01
6.275384426116943359e-01 5.585034489631652832e-01
6.658037304878234863e-01 5.582903027534484863e-01
6.618146896362304688e-01 5.639804005622863770e-01
