4.655875563621520996e-01 3.003585934638977051e-01
4.624380469322204590e-01 2.971136569976806641e-01
4.635149836540222168e-01 3.030770719051361084e-01
4.639780521392822266e-01 2.959780097007751465e-01
4.647181034088134766e-01 3.098512291908264160e-01
4.917802214622497559e-01 2.835564613342285156e-01
4.860945940017700195e-01 3.175691664218902588e-01
5.117363333702087402e-01 2.720575928688049316e-01
5.069978237152099609e-01 3.214436769485473633e-01
5.293481945991516113e-01 2.801893055438995361e-01
5.177586078643798828e-01 3.080227077007293701e-01
5.647181868553161621e-01 2.884000837802886963e-01
5.598456859588623047e-01 3.121186792850494385e-01
6.149923801422119141e-01 2.802742421627044678e-01
6.099588871002197266e-01 3.035693168640136719e-01
6.796364188194274902e-01 2.684110403060913086e-01
6.773175001144409180e-01 2.765401303768157959e-01
