5.436220169067382812e-01 5.375620126724243164e-01
5.405615568161010742e-01 5.374212265014648438e-01
5.417125821113586426e-01 5.385190248489379883e-01
5.407197475433349609e-01 5.406631827354431152e-01
5.416179895401000977e-01 5.433706045150756836e-01
5.636361241340637207e-01 5.452393889427185059e-01
5.616842508316040039e-01 5.496088266372680664e-01
5.801994800567626953e-01 5.512253046035766602e-01
5.792833566665649414e-01 5.559183359146118164e-01
6.079146862030029297e-01 5.538975000381469727e-01
6.049395799636840820e-01 5.559787154197692871e-01
6.043569445610046387e-01 5.450264215469360352e-01
6.059299707412719727e-01 5.506189465522766113e-01
6.344847679138183594e-01 5.501134395599365234e-01
6.331734061241149902e-01 5.506085157394409180e-01
6.654176115989685059e-01 5.535706281661987305e-01
6.627826094627380371e-01 5.548653006553649902e-01
