4.927510619163513184e-01 2.835692465305328369e-01
4.889118671417236328e-01 2.819625139236450195e-01
4.902354180812835693e-01 2.868657112121582031e-01
4.888762831687927246e-01 2.790101766586303711e-01
4.901432991027832031e-01 2.897539138793945312e-01
5.150516033172607422e-01 2.750365138053894043e-01
5.142477750778198242e-01 2.963235378265380859e-01
5.379773974418640137e-01 2.683857679367065430e-01
5.385460853576660156e-01 3.028431534767150879e-01
5.688170790672302246e-01 2.758469581604003906e-01
5.718162655830383301e-01 2.954549193382263184e-01
5.880491733551025391e-01 2.732875347137451172e-01
5.898298621177673340e-01 2.937408089637756348e-01
6.381047368049621582e-01 2.776271104812622070e-01
6.468238234519958496e-01 2.875952124595642090e-01
6.933186054229736328e-01 2.709231376647949219e-01
6.936089396476745605e-01 2.840922474861145020e-01
