5.688434839248657227e-01 5.580226182937622070e-01
5.663067698478698730e-01 5.595475435256958008e-01
5.680617094039916992e-01 5.576062798500061035e-01
5.624339580535888672e-01 5.615608096122741699e-01
5.654635429382324219e-01 5.577472448348999023e-01
5.718761682510375977e-01 5.657926201820373535e-01
5.771164894104003906e-01 5.605309009552001953e-01
5.891364812850952148e-01 5.700110197067260742e-01
5.896980762481689453e-01 5.619063973426818848e-01
6.034730076789855957e-01 5.799640417098999023e-01
6.052544116973876953e-01 5.716965794563293457e-01
5.978496074676513672e-01 5.695233345031738281e-01
6.027604341506958008e-01 5.652658939361572266e-01
6.228103637695312500e-01 5.783540010452270508e-01
6.240580677986145020e-01 5.692414045333862305e-01
6.517975330352783203e-01 5.794944763183593750e-01
6.523773670196533203e-01 5.709440112113952637e-01
