5.731248259544372559e-01 5.738539695739746094e-01
5.717625617980957031e-01 5.763504505157470703e-01
5.729353427886962891e-01 5.768226385116577148e-01
5.708754062652587891e-01 5.788757205009460449e-01
5.713546276092529297e-01 5.797830820083618164e-01
5.858269929885864258e-01 5.758148431777954102e-01
5.848036408424377441e-01 5.752978324890136719e-01
5.984736680984497070e-01 5.713577866554260254e-01
5.969395637512207031e-01 5.703752040863037109e-01
6.143829822540283203e-01 5.736887454986572266e-01
6.127018332481384277e-01 5.724657773971557617e-01
6.179572939872741699e-01 5.726649761199951172e-01
6.180003285408020020e-01 5.740799307823181152e-01
6.408677697181701660e-01 5.721841454505920410e-01
6.404215097427368164e-01 5.713137984275817871e-01
6.751255393028259277e-01 5.684093236923217773e-01
6.735662221908569336e-01 5.679758787155151367e-01
