5.508846044540405273e-01 5.638996958732604980e-01
5.529971122741699219e-01 5.626510381698608398e-01
5.527732372283935547e-01 5.628751516342163086e-01
5.534046292304992676e-01 5.646003484725952148e-01
5.522109270095825195e-01 5.643751621246337891e-01
5.651814937591552734e-01 5.648227334022521973e-01
5.648238658905029297e-01 5.596268773078918457e-01
5.805493593215942383e-01 5.673515796661376953e-01
5.803658366203308105e-01 5.604331493377685547e-01
6.078801155090332031e-01 5.596359968185424805e-01
6.065195798873901367e-01 5.554375648498535156e-01
6.027473211288452148e-01 5.599515438079833984e-01
6.050202846527099609e-01 5.572094917297363281e-01
6.366080641746520996e-01 5.578570365905761719e-01
6.363506317138671875e-01 5.542462468147277832e-01
6.711184978485107422e-01 5.606205463409423828e-01
6.693426370620727539e-01 5.536589026451110840e-01
