5.537581443786621094e-01 5.603191852569580078e-01
5.518065094947814941e-01 5.583150386810302734e-01
5.514222383499145508e-01 5.587397217750549316e-01
5.518394708633422852e-01 5.609881877899169922e-01
5.506923198699951172e-01 5.606465339660644531e-01
5.687515735626220703e-01 5.624781847000122070e-01
5.677689313888549805e-01 5.580044984817504883e-01
5.822989344596862793e-01 5.669934153556823730e-01
5.823822021484375000e-01 5.596837997436523438e-01
6.037366986274719238e-01 5.667377710342407227e-01
6.029572486877441406e-01 5.606072545051574707e-01
6.066170930862426758e-01 5.581197738647460938e-01
6.080936193466186523e-01 5.577453970909118652e-01
6.371653676033020020e-01 5.587592124938964844e-01
6.376759409904479980e-01 5.550929307937622070e-01
6.716601848602294922e-01 5.608363151550292969e-01
6.713349223136901855e-01 5.561363697052001953e-01
