5.509654283523559570e-01 5.604770183563232422e-01
5.496412515640258789e-01 5.588296055793762207e-01
5.491598844528198242e-01 5.585204362869262695e-01
5.482209920883178711e-01 5.631930232048034668e-01
5.494304299354553223e-01 5.606793165206909180e-01
5.645655393600463867e-01 5.659459829330444336e-01
5.651597976684570312e-01 5.590584278106689453e-01
5.793535113334655762e-01 5.696936845779418945e-01
5.799903273582458496e-01 5.597377419471740723e-01
6.051167249679565430e-01 5.697113871574401855e-01
6.037236452102661133e-01 5.535098910331726074e-01
6.056741476058959961e-01 5.589159131050109863e-01
6.076277494430541992e-01 5.569449663162231445e-01
6.348094940185546875e-01 5.657123923301696777e-01
6.376343369483947754e-01 5.562067031860351562e-01
6.725410819053649902e-01 5.597503781318664551e-01
6.725808382034301758e-01 5.540583133697509766e-01
