5.476030111312866211e-01 5.556494593620300293e-01
5.455296039581298828e-01 5.568810701370239258e-01
5.476883649826049805e-01 5.562685728073120117e-01
5.440381765365600586e-01 5.602504611015319824e-01
5.471054911613464355e-01 5.577346086502075195e-01
5.636581182479858398e-01 5.653463006019592285e-01
5.633663535118103027e-01 5.593798160552978516e-01
5.810482501983642578e-01 5.630139708518981934e-01
5.759117603302001953e-01 5.577646493911743164e-01
6.114836335182189941e-01 5.590455532073974609e-01
6.101601123809814453e-01 5.567559599876403809e-01
6.004205346107482910e-01 5.610254406929016113e-01
6.029645800590515137e-01 5.590128302574157715e-01
6.365306377410888672e-01 5.563172698020935059e-01
6.367357969284057617e-01 5.558707714080810547e-01
6.674473285675048828e-01 5.634836554527282715e-01
6.646666526794433594e-01 5.603132843971252441e-01
