5.240823030471801758e-01 3.038879036903381348e-01
5.200477838516235352e-01 3.029325604438781738e-01
5.215321779251098633e-01 3.071527481079101562e-01
5.203590393066406250e-01 3.026014566421508789e-01
5.186032056808471680e-01 3.415674865245819092e-01
5.467196106910705566e-01 3.035831749439239502e-01
5.417545437812805176e-01 3.315881788730621338e-01
5.664097666740417480e-01 2.872298657894134521e-01
5.685167312622070312e-01 3.382329940795898438e-01
5.934640765190124512e-01 2.954693734645843506e-01
5.937967300415039062e-01 3.348648250102996826e-01
5.974939465522766113e-01 3.150092661380767822e-01
5.985590815544128418e-01 3.284633159637451172e-01
6.509344577789306641e-01 3.185482919216156006e-01
6.475944519042968750e-01 3.324682414531707764e-01
7.033585309982299805e-01 3.267336487770080566e-01
7.017773985862731934e-01 3.352258801460266113e-01
