5.141757726669311523e-01 3.481524586677551270e-01
5.112237930297851562e-01 3.453589677810668945e-01
5.129768848419189453e-01 3.498440682888031006e-01
5.114787220954895020e-01 3.413031995296478271e-01
5.140452980995178223e-01 3.512096405029296875e-01
5.451587438583374023e-01 3.205714821815490723e-01
5.437135696411132812e-01 3.543564975261688232e-01
5.835050344467163086e-01 3.255245983600616455e-01
5.757313966751098633e-01 3.695158362388610840e-01
6.103035211563110352e-01 3.169259428977966309e-01
6.132751703262329102e-01 3.475579023361206055e-01
6.165552139282226562e-01 3.363989591598510742e-01
6.154702305793762207e-01 3.504236936569213867e-01
6.607879400253295898e-01 3.423337340354919434e-01
6.648907661437988281e-01 3.575754165649414062e-01
7.233684062957763672e-01 3.549463748931884766e-01
7.220302820205688477e-01 3.615395724773406982e-01
