5.501767992973327637e-01 5.534707903861999512e-01
5.486693382263183594e-01 5.536297559738159180e-01
5.496179461479187012e-01 5.544390678405761719e-01
5.573984980583190918e-01 5.579818487167358398e-01
5.565224885940551758e-01 5.612605214118957520e-01
5.679316520690917969e-01 5.567536354064941406e-01
5.650699734687805176e-01 5.618293285369873047e-01
5.831590294837951660e-01 5.520880222320556641e-01
5.821734070777893066e-01 5.615320205688476562e-01
6.118416786193847656e-01 5.533568859100341797e-01
6.084526181221008301e-01 5.590282678604125977e-01
6.017370223999023438e-01 5.537198185920715332e-01
6.029125452041625977e-01 5.590279102325439453e-01
6.358680725097656250e-01 5.504484176635742188e-01
6.343960165977478027e-01 5.547196865081787109e-01
6.667754650115966797e-01 5.580255985260009766e-01
6.624734401702880859e-01 5.610969662666320801e-01
