5.319398641586303711e-01 3.011584877967834473e-01
5.287219285964965820e-01 3.015215396881103516e-01
5.290091633796691895e-01 3.012132644653320312e-01
5.303438901901245117e-01 3.042120635509490967e-01
5.298380851745605469e-01 3.004915714263916016e-01
5.577737092971801758e-01 3.102314770221710205e-01
5.541797876358032227e-01 2.956103086471557617e-01
5.740402340888977051e-01 3.166622519493103027e-01
5.696803331375122070e-01 2.921359241008758545e-01
5.959184765815734863e-01 3.033707737922668457e-01
5.946992635726928711e-01 2.931548655033111572e-01
6.192715764045715332e-01 3.248544931411743164e-01
6.199209690093994141e-01 3.175575137138366699e-01
6.798316836357116699e-01 3.227730989456176758e-01
6.783695220947265625e-01 3.176577687263488770e-01
7.374190092086791992e-01 3.252601623535156250e-01
7.354551553726196289e-01 3.152940869331359863e-01
