5.710805058479309082e-01 5.567840933799743652e-01
5.589936375617980957e-01 5.454393625259399414e-01
5.680794715881347656e-01 5.476487874984741211e-01
5.696089863777160645e-01 5.468402504920959473e-01
5.686644315719604492e-01 5.472440719604492188e-01
5.863208770751953125e-01 5.600429177284240723e-01
5.898959636688232422e-01 5.651987195014953613e-01
5.989538431167602539e-01 5.669125914573669434e-01
5.988038182258605957e-01 5.705962181091308594e-01
6.243292689323425293e-01 5.722681283950805664e-01
6.255956888198852539e-01 5.727920532226562500e-01
6.121943593025207520e-01 5.629536509513854980e-01
6.182668209075927734e-01 5.656684041023254395e-01
6.348412036895751953e-01 5.742844939231872559e-01
6.355720758438110352e-01 5.730637311935424805e-01
6.675684452056884766e-01 5.696581602096557617e-01
6.661916971206665039e-01 5.704672932624816895e-01
