5.289956331253051758e-01 5.523766279220581055e-01
5.250357389450073242e-01 5.524123311042785645e-01
5.258852243423461914e-01 5.522331595420837402e-01
5.278038382530212402e-01 5.565499067306518555e-01
5.281991362571716309e-01 5.561447143554687500e-01
5.537952184677124023e-01 5.583716630935668945e-01
5.534152984619140625e-01 5.591962337493896484e-01
5.692671537399291992e-01 5.565929412841796875e-01
5.679725408554077148e-01 5.565693974494934082e-01
6.035909652709960938e-01 5.561525821685791016e-01
6.005095243453979492e-01 5.565603971481323242e-01
5.999448299407958984e-01 5.563842058181762695e-01
6.018899083137512207e-01 5.589312314987182617e-01
6.364789009094238281e-01 5.557927489280700684e-01
6.367266178131103516e-01 5.565990209579467773e-01
6.734389662742614746e-01 5.545785427093505859e-01
6.713156104087829590e-01 5.547165870666503906e-01
