5.425521135330200195e-01 5.510205030441284180e-01
5.400125384330749512e-01 5.516042113304138184e-01
5.408051013946533203e-01 5.521918535232543945e-01
5.405665636062622070e-01 5.543812513351440430e-01
5.406673550605773926e-01 5.557223558425903320e-01
5.625451207160949707e-01 5.535567998886108398e-01
5.606774687767028809e-01 5.592045187950134277e-01
5.734071135520935059e-01 5.518020391464233398e-01
5.718225836753845215e-01 5.582754611968994141e-01
6.022373437881469727e-01 5.529925823211669922e-01
5.988157987594604492e-01 5.577500462532043457e-01
6.013314723968505859e-01 5.504602193832397461e-01
6.020869016647338867e-01 5.561909079551696777e-01
6.345109939575195312e-01 5.506426095962524414e-01
6.340559124946594238e-01 5.530239343643188477e-01
6.721405982971191406e-01 5.530696511268615723e-01
6.692463755607604980e-01 5.544134378433227539e-01
