5.724177360534667969e-01 5.677399635314941406e-01
5.703673958778381348e-01 5.673323273658752441e-01
5.716270208358764648e-01 5.688268542289733887e-01
5.706577897071838379e-01 5.684322118759155273e-01
5.714054107666015625e-01 5.712153911590576172e-01
5.824187994003295898e-01 5.706547498703002930e-01
5.844215154647827148e-01 5.777820348739624023e-01
6.016112565994262695e-01 5.686113834381103516e-01
6.000283360481262207e-01 5.725806355476379395e-01
6.228946447372436523e-01 5.737385749816894531e-01
6.228459477424621582e-01 5.744991898536682129e-01
6.151987314224243164e-01 5.722471475601196289e-01
6.203081607818603516e-01 5.763130187988281250e-01
6.386134624481201172e-01 5.761287212371826172e-01
6.378785967826843262e-01 5.751916170120239258e-01
6.631368398666381836e-01 5.706474184989929199e-01
6.614593267440795898e-01 5.711120367050170898e-01
