5.445374250411987305e-01 5.438644886016845703e-01
5.419269800186157227e-01 5.433264970779418945e-01
5.432790517807006836e-01 5.448853373527526855e-01
5.424285531044006348e-01 5.440654754638671875e-01
5.437005758285522461e-01 5.473242998123168945e-01
5.659111142158508301e-01 5.468511581420898438e-01
5.649405717849731445e-01 5.532162189483642578e-01
5.814094543457031250e-01 5.513937473297119141e-01
5.794205069541931152e-01 5.571660995483398438e-01
6.099246740341186523e-01 5.513029098510742188e-01
6.073075532913208008e-01 5.569248199462890625e-01
6.032866239547729492e-01 5.478447675704956055e-01
6.052784919738769531e-01 5.544338822364807129e-01
6.356959342956542969e-01 5.491732358932495117e-01
6.340918540954589844e-01 5.529437065124511719e-01
6.747643947601318359e-01 5.516831874847412109e-01
6.636672019958496094e-01 5.557156801223754883e-01
