5.371021032333374023e-01 3.280106782913208008e-01
5.327899456024169922e-01 3.300358653068542480e-01
5.339241027832031250e-01 3.266784548759460449e-01
5.336208939552307129e-01 3.329139351844787598e-01
5.356314182281494141e-01 3.252920210361480713e-01
5.604186058044433594e-01 3.364528417587280273e-01
5.610429048538208008e-01 3.243645727634429932e-01
5.898283123970031738e-01 3.389711976051330566e-01
5.877935290336608887e-01 3.223868012428283691e-01
6.248950958251953125e-01 3.370211124420166016e-01
6.205872297286987305e-01 3.277160823345184326e-01
6.283900141716003418e-01 3.427314758300781250e-01
6.278057098388671875e-01 3.358185887336730957e-01
6.869655847549438477e-01 3.452259004116058350e-01
6.876358389854431152e-01 3.430342078208923340e-01
7.492141127586364746e-01 3.446763753890991211e-01
7.475528717041015625e-01 3.419400155544281006e-01
