5.433992147445678711e-01 5.508471131324768066e-01
5.412786006927490234e-01 5.511164665222167969e-01
5.423027276992797852e-01 5.518469810485839844e-01
5.481021404266357422e-01 5.548874139785766602e-01
5.441977977752685547e-01 5.533059239387512207e-01
5.632545351982116699e-01 5.547583103179931641e-01
5.610800981521606445e-01 5.581423640251159668e-01
5.755351781845092773e-01 5.548826456069946289e-01
5.758084654808044434e-01 5.579944849014282227e-01
6.051513552665710449e-01 5.545357465744018555e-01
6.018710136413574219e-01 5.569872856140136719e-01
6.021858453750610352e-01 5.529007315635681152e-01
6.033838391304016113e-01 5.568748712539672852e-01
6.360665559768676758e-01 5.518195033073425293e-01
6.356003284454345703e-01 5.541605353355407715e-01
6.725738048553466797e-01 5.550994873046875000e-01
6.694718599319458008e-01 5.557730197906494141e-01
