4.738587737083435059e-01 3.281970918178558350e-01
4.807386100292205811e-01 3.072742819786071777e-01
4.727872610092163086e-01 3.327398002147674561e-01
4.822682142257690430e-01 3.054646253585815430e-01
4.773379266262054443e-01 3.387220501899719238e-01
5.090839266777038574e-01 2.954984605312347412e-01
5.038484930992126465e-01 3.407247066497802734e-01
5.424954295158386230e-01 2.753830552101135254e-01
5.405386686325073242e-01 3.461221158504486084e-01
5.711694955825805664e-01 2.793353796005249023e-01
5.741474628448486328e-01 3.298134803771972656e-01
5.800687074661254883e-01 2.998963296413421631e-01
5.795806646347045898e-01 3.310424685478210449e-01
6.337006688117980957e-01 3.027251660823822021e-01
6.360746622085571289e-01 3.266572356224060059e-01
7.011753320693969727e-01 2.903323173522949219e-01
7.060734033584594727e-01 3.098982572555541992e-01
