5.562576651573181152e-01 5.528202652931213379e-01
5.536491274833679199e-01 5.533894896507263184e-01
5.534502267837524414e-01 5.538344979286193848e-01
5.541924238204956055e-01 5.553808212280273438e-01
5.528181195259094238e-01 5.560882687568664551e-01
5.716286897659301758e-01 5.580154657363891602e-01
5.710284709930419922e-01 5.554242730140686035e-01
5.843994617462158203e-01 5.580413937568664551e-01
5.857777595520019531e-01 5.590523481369018555e-01
6.089148521423339844e-01 5.639761686325073242e-01
6.060917377471923828e-01 5.542356967926025391e-01
6.122467517852783203e-01 5.525614619255065918e-01
6.137829422950744629e-01 5.541318655014038086e-01
6.366898417472839355e-01 5.567233562469482422e-01
6.379764676094055176e-01 5.538692474365234375e-01
6.741857528686523438e-01 5.573569536209106445e-01
6.733774542808532715e-01 5.555627942085266113e-01
