5.191420912742614746e-01 5.149892568588256836e-01
5.341849327087402344e-01 2.932044863700866699e-01
5.340713858604431152e-01 2.903714179992675781e-01
5.203655958175659180e-01 5.152441263198852539e-01
5.104509592056274414e-01 5.188948512077331543e-01
5.395976901054382324e-01 5.189802050590515137e-01
5.381127595901489258e-01 5.521355271339416504e-01
5.671806335449218750e-01 5.451284646987915039e-01
5.562127828598022461e-01 5.525337457656860352e-01
6.084221601486206055e-01 5.425206422805786133e-01
5.760174989700317383e-01 5.592002272605895996e-01
5.939472317695617676e-01 5.409589409828186035e-01
5.930135250091552734e-01 5.520526170730590820e-01
6.276903152465820312e-01 5.428008437156677246e-01
6.238512992858886719e-01 5.516234636306762695e-01
6.670073866844177246e-01 5.425636768341064453e-01
6.602615118026733398e-01 5.538636445999145508e-01
