4.396421313285827637e-01 3.466016650199890137e-01
4.390250146389007568e-01 3.467728793621063232e-01
4.389020800590515137e-01 3.462744355201721191e-01
4.398581683635711670e-01 3.462130427360534668e-01
4.387117326259613037e-01 3.415803313255310059e-01
4.413956105709075928e-01 3.532534539699554443e-01
4.417243897914886475e-01 3.393014371395111084e-01
4.280181527137756348e-01 3.518754839897155762e-01
4.275920093059539795e-01 3.371073007583618164e-01
4.284241199493408203e-01 3.534158170223236084e-01
4.285827577114105225e-01 3.425335288047790527e-01
4.446254670619964600e-01 3.564688563346862793e-01
4.476263523101806641e-01 3.476559817790985107e-01
6.782172918319702148e-01 3.328880667686462402e-01
6.777884960174560547e-01 3.400227725505828857e-01
7.380528450012207031e-01 3.396739661693572998e-01
7.362536787986755371e-01 3.381520509719848633e-01
