5.584862828254699707e-01 5.624256730079650879e-01
5.563769340515136719e-01 5.636541843414306641e-01
5.556107759475708008e-01 5.636615753173828125e-01
5.569133162498474121e-01 5.678523778915405273e-01
5.542463064193725586e-01 5.664116740226745605e-01
5.721190571784973145e-01 5.682879090309143066e-01
5.721861124038696289e-01 5.646616220474243164e-01
5.858937501907348633e-01 5.705463886260986328e-01
5.861321091651916504e-01 5.611075162887573242e-01
6.071386337280273438e-01 5.702803134918212891e-01
6.057157516479492188e-01 5.632079839706420898e-01
6.124948263168334961e-01 5.618948936462402344e-01
6.134914159774780273e-01 5.605209469795227051e-01
6.382405161857604980e-01 5.650852918624877930e-01
6.400065422058105469e-01 5.582971572875976562e-01
6.735293269157409668e-01 5.597047209739685059e-01
6.729511618614196777e-01 5.556942224502563477e-01
