5.426673889160156250e-01 5.602521896362304688e-01
5.397136211395263672e-01 5.641739964485168457e-01
5.401238203048706055e-01 5.647863149642944336e-01
5.400108098983764648e-01 5.620176792144775391e-01
5.420582294464111328e-01 5.606203079223632812e-01
5.591450929641723633e-01 5.642370581626892090e-01
5.586392879486083984e-01 5.597534179687500000e-01
5.735837221145629883e-01 5.702752470970153809e-01
5.739201307296752930e-01 5.623843669891357422e-01
6.007049083709716797e-01 5.675719380378723145e-01
5.992548465728759766e-01 5.608118772506713867e-01
6.000796556472778320e-01 5.700970888137817383e-01
6.012063026428222656e-01 5.677940845489501953e-01
6.326243877410888672e-01 5.650687217712402344e-01
6.330897808074951172e-01 5.570989847183227539e-01
6.693720817565917969e-01 5.627790689468383789e-01
6.689836382865905762e-01 5.562444925308227539e-01
