5.363026857376098633e-01 3.006812930107116699e-01
5.313692092895507812e-01 3.006149232387542725e-01
5.328993797302246094e-01 3.021685779094696045e-01
5.273993015289306641e-01 2.917537093162536621e-01
5.326903462409973145e-01 3.015638887882232666e-01
5.574419498443603516e-01 2.969269454479217529e-01
5.580418705940246582e-01 3.069620728492736816e-01
5.909465551376342773e-01 2.987992167472839355e-01
5.877885818481445312e-01 3.094099760055541992e-01
6.163749694824218750e-01 3.009083867073059082e-01
6.131128072738647461e-01 3.055090308189392090e-01
6.247508525848388672e-01 3.012678027153015137e-01
6.260948181152343750e-01 3.101587295532226562e-01
6.751241683959960938e-01 3.062773644924163818e-01
6.755658984184265137e-01 3.196484744548797607e-01
7.304605245590209961e-01 3.006546795368194580e-01
7.318729162216186523e-01 3.056539893150329590e-01
