5.303176641464233398e-01 3.003798425197601318e-01
5.278850793838500977e-01 3.004423379898071289e-01
5.272611975669860840e-01 2.996996045112609863e-01
5.308943986892700195e-01 2.993226349353790283e-01
5.290374755859375000e-01 2.954432368278503418e-01
5.618337392807006836e-01 3.030781149864196777e-01
5.548360347747802734e-01 2.898285388946533203e-01
5.737431645393371582e-01 3.064711689949035645e-01
5.673791766166687012e-01 2.874109745025634766e-01
5.871109962463378906e-01 2.919446229934692383e-01
5.792424082756042480e-01 2.930516004562377930e-01
6.114342212677001953e-01 3.167528212070465088e-01
6.085434556007385254e-01 3.039098978042602539e-01
6.555439233779907227e-01 3.176375627517700195e-01
6.550424098968505859e-01 3.156800866127014160e-01
7.061435580253601074e-01 3.197252750396728516e-01
7.044110298156738281e-01 3.154447078704833984e-01
