5.404795408248901367e-01 5.543508529663085938e-01
5.378364324569702148e-01 5.550509095191955566e-01
5.378826260566711426e-01 5.547648668289184570e-01
5.404344797134399414e-01 5.582959055900573730e-01
5.400272607803344727e-01 5.568059682846069336e-01
5.592905282974243164e-01 5.602507591247558594e-01
5.576698780059814453e-01 5.546082258224487305e-01
5.743867754936218262e-01 5.588306784629821777e-01
5.766167640686035156e-01 5.533215403556823730e-01
6.005028486251831055e-01 5.585776567459106445e-01
5.974378585815429688e-01 5.541260242462158203e-01
6.035519838333129883e-01 5.529797077178955078e-01
6.044864654541015625e-01 5.524171590805053711e-01
6.391775608062744141e-01 5.559255480766296387e-01
6.345992088317871094e-01 5.545833110809326172e-01
6.723794341087341309e-01 5.563660860061645508e-01
6.705462336540222168e-01 5.547744035720825195e-01
