5.253026485443115234e-01 5.570070147514343262e-01
5.227112770080566406e-01 5.575749278068542480e-01
5.233573913574218750e-01 5.562610030174255371e-01
5.246652364730834961e-01 5.600748062133789062e-01
5.246106982231140137e-01 5.580352544784545898e-01
5.475655794143676758e-01 5.626006126403808594e-01
5.442548990249633789e-01 5.559409260749816895e-01
5.651452541351318359e-01 5.577493309974670410e-01
5.571950674057006836e-01 5.608752965927124023e-01
6.061225533485412598e-01 5.588731169700622559e-01
5.735514760017395020e-01 5.631262660026550293e-01
5.879871249198913574e-01 5.583261251449584961e-01
5.913545489311218262e-01 5.639906525611877441e-01
6.276217103004455566e-01 5.546326041221618652e-01
6.264002919197082520e-01 5.567717552185058594e-01
6.698329448699951172e-01 5.599717497825622559e-01
6.658893823623657227e-01 5.614056587219238281e-01
