5.739709734916687012e-01 5.658376812934875488e-01
5.711304545402526855e-01 5.667763948440551758e-01
5.731257796287536621e-01 5.662120580673217773e-01
5.747593641281127930e-01 5.677471160888671875e-01
5.757471323013305664e-01 5.685225725173950195e-01
5.848911404609680176e-01 5.712549686431884766e-01
5.887160897254943848e-01 5.694547295570373535e-01
5.999208688735961914e-01 5.729214549064636230e-01
6.000967025756835938e-01 5.696704387664794922e-01
6.191129684448242188e-01 5.760321021080017090e-01
6.209121346473693848e-01 5.720915794372558594e-01
6.134134531021118164e-01 5.725536346435546875e-01
6.182091236114501953e-01 5.716688632965087891e-01
6.336943507194519043e-01 5.761059522628784180e-01
6.343121528625488281e-01 5.727772712707519531e-01
6.703562140464782715e-01 5.703710317611694336e-01
6.698923110961914062e-01 5.678277015686035156e-01
