5.562579631805419922e-01 5.614483952522277832e-01
5.535457730293273926e-01 5.598925352096557617e-01
5.527502298355102539e-01 5.595583319664001465e-01
5.529695749282836914e-01 5.649900436401367188e-01
5.511692762374877930e-01 5.606249570846557617e-01
5.693206191062927246e-01 5.649301409721374512e-01
5.689294338226318359e-01 5.567334890365600586e-01
5.824717283248901367e-01 5.696133375167846680e-01
5.829039812088012695e-01 5.565993189811706543e-01
6.037563681602478027e-01 5.690140724182128906e-01
6.022285819053649902e-01 5.597001314163208008e-01
6.103936433792114258e-01 5.601856708526611328e-01
6.115216612815856934e-01 5.570113658905029297e-01
6.373280882835388184e-01 5.611891746520996094e-01
6.380928754806518555e-01 5.570908784866333008e-01
6.756973266601562500e-01 5.599950551986694336e-01
6.751258373260498047e-01 5.550555586814880371e-01
