5.715517401695251465e-01 5.516040921211242676e-01
5.704989433288574219e-01 5.526849627494812012e-01
5.698093771934509277e-01 5.516967773437500000e-01
5.723860263824462891e-01 5.541082024574279785e-01
5.701624155044555664e-01 5.525903701782226562e-01
5.886249542236328125e-01 5.625295639038085938e-01
5.884749293327331543e-01 5.640884637832641602e-01
6.007215976715087891e-01 5.683346986770629883e-01
6.000958681106567383e-01 5.648420453071594238e-01
6.204046010971069336e-01 5.695110559463500977e-01
6.178886890411376953e-01 5.674299001693725586e-01
6.210845112800598145e-01 5.589580535888671875e-01
6.230845451354980469e-01 5.611032247543334961e-01
6.447128057479858398e-01 5.689346790313720703e-01
6.408915519714355469e-01 5.677499175071716309e-01
6.765395402908325195e-01 5.658483505249023438e-01
6.710843443870544434e-01 5.656245350837707520e-01
