4.817323386669158936e-01 3.082295358180999756e-01
4.782939851284027100e-01 3.089872598648071289e-01
4.788578748703002930e-01 3.059353828430175781e-01
4.788237810134887695e-01 3.097577691078186035e-01
4.794348478317260742e-01 3.017926216125488281e-01
4.991553425788879395e-01 3.064896762371063232e-01
4.979512393474578857e-01 2.959620356559753418e-01
5.217170715332031250e-01 3.099343180656433105e-01
5.219922065734863281e-01 2.943150103092193604e-01
5.371724367141723633e-01 3.030894994735717773e-01
5.347506999969482422e-01 2.956022322177886963e-01
5.628550648689270020e-01 3.021607995033264160e-01
5.608035922050476074e-01 2.966754436492919922e-01
6.163948774337768555e-01 3.103654384613037109e-01
6.213950514793395996e-01 3.040392398834228516e-01
6.972448825836181641e-01 2.920341789722442627e-01
6.950482726097106934e-01 2.899431586265563965e-01
