5.558270215988159180e-01 3.569189012050628662e-01
5.527542233467102051e-01 3.646882474422454834e-01
5.539175271987915039e-01 3.648971915245056152e-01
5.536841154098510742e-01 3.569106459617614746e-01
5.558445453643798828e-01 3.521779477596282959e-01
5.784285664558410645e-01 3.561863601207733154e-01
5.774081945419311523e-01 3.473838567733764648e-01
6.030087471008300781e-01 3.787891268730163574e-01
6.074376106262207031e-01 3.534865975379943848e-01
6.294475793838500977e-01 3.760460615158081055e-01
6.273233890533447266e-01 3.706865012645721436e-01
6.402166485786437988e-01 3.561875224113464355e-01
6.370950937271118164e-01 3.437160849571228027e-01
6.823425292968750000e-01 3.611436784267425537e-01
6.803777217864990234e-01 3.577566146850585938e-01
7.389354109764099121e-01 3.760772347450256348e-01
7.377812266349792480e-01 3.752681612968444824e-01
