5.277463793754577637e-01 2.921536862850189209e-01
5.257206559181213379e-01 2.920795679092407227e-01
5.254259109497070312e-01 2.906745374202728271e-01
5.284576416015625000e-01 2.900824546813964844e-01
5.270512700080871582e-01 2.860115468502044678e-01
5.538605451583862305e-01 2.956658899784088135e-01
5.518575906753540039e-01 2.833636701107025146e-01
5.694458484649658203e-01 2.996109127998352051e-01
5.644835233688354492e-01 2.820726037025451660e-01
5.793682336807250977e-01 2.849393486976623535e-01
5.765368938446044922e-01 2.849157452583312988e-01
5.978394150733947754e-01 3.037544488906860352e-01
5.977246761322021484e-01 2.956709265708923340e-01
6.613620519638061523e-01 3.163836598396301270e-01
6.611486673355102539e-01 3.159555792808532715e-01
7.183030843734741211e-01 3.283642530441284180e-01
7.165240049362182617e-01 3.210606575012207031e-01
