3.345532119274139404e-01 4.571323096752166748e-01
3.287259340286254883e-01 4.595113992691040039e-01
3.289873600006103516e-01 4.588065147399902344e-01
3.290766179561614990e-01 4.515111148357391357e-01
3.289657831192016602e-01 4.497759342193603516e-01
3.528294265270233154e-01 4.343305230140686035e-01
3.523429036140441895e-01 4.273328781127929688e-01
3.878810107707977295e-01 3.997803926467895508e-01
3.910839557647705078e-01 3.973363637924194336e-01
4.315231740474700928e-01 4.147231578826904297e-01
4.396347999572753906e-01 4.091853499412536621e-01
4.348009228706359863e-01 3.774990439414978027e-01
4.349225759506225586e-01 3.784296512603759766e-01
4.862111210823059082e-01 3.582881689071655273e-01
4.903905987739562988e-01 3.612709045410156250e-01
5.356979966163635254e-01 3.627034127712249756e-01
5.382428169250488281e-01 3.625596761703491211e-01
