4.960984885692596436e-01 2.891115248203277588e-01
4.924132525920867920e-01 2.845998406410217285e-01
4.880881309509277344e-01 2.947194576263427734e-01
4.935570657253265381e-01 2.788144350051879883e-01
4.868042171001434326e-01 2.966227531433105469e-01
5.193222761154174805e-01 2.806221246719360352e-01
5.155457258224487305e-01 3.042141199111938477e-01
5.859808921813964844e-01 2.616555690765380859e-01
5.682203769683837891e-01 2.994218766689300537e-01
6.056942939758300781e-01 2.309201806783676147e-01
6.297756433486938477e-01 3.049895167350769043e-01
6.499235630035400391e-01 2.828649580478668213e-01
6.494966745376586914e-01 3.004348874092102051e-01
7.487739920616149902e-01 2.652908563613891602e-01
7.487797737121582031e-01 2.924445271492004395e-01
8.400911688804626465e-01 2.466247677803039551e-01
8.436531424522399902e-01 2.509554922580718994e-01
