1.237807199358940125e-01 2.682799100875854492e-01
1.143881902098655701e-01 2.714882493019104004e-01
1.102007627487182617e-01 2.661610245704650879e-01
1.164452582597732544e-01 2.638024389743804932e-01
1.103056892752647400e-01 2.416049242019653320e-01
1.701330542564392090e-01 2.647199034690856934e-01
1.620324850082397461e-01 2.164530605077743530e-01
2.497862279415130615e-01 2.672568261623382568e-01
2.418273538351058960e-01 1.926895827054977417e-01
3.367409706115722656e-01 2.587335407733917236e-01
3.207021951675415039e-01 2.267923355102539062e-01
3.176376521587371826e-01 2.379373162984848022e-01
3.194133043289184570e-01 2.023850530385971069e-01
4.440187215805053711e-01 2.497282922267913818e-01
4.500060081481933594e-01 2.244799584150314331e-01
5.854924917221069336e-01 2.229565978050231934e-01
5.428065061569213867e-01 2.112721651792526245e-01
