5.238189697265625000e-01 2.756359577178955078e-01
5.177651643753051758e-01 2.854104638099670410e-01
5.156409740447998047e-01 2.706282138824462891e-01
5.229697823524475098e-01 2.866051197052001953e-01
5.204969644546508789e-01 2.512919306755065918e-01
5.685893297195434570e-01 2.872005999088287354e-01
5.702633857727050781e-01 2.466396093368530273e-01
6.211881637573242188e-01 2.916578054428100586e-01
6.232870221138000488e-01 2.457066476345062256e-01
6.760897636413574219e-01 3.044062256813049316e-01
6.770360469818115234e-01 2.788520455360412598e-01
6.940820217132568359e-01 2.702304422855377197e-01
6.960496902465820312e-01 2.458771914243698120e-01
8.057532310485839844e-01 2.671922147274017334e-01
8.096877932548522949e-01 2.456115186214447021e-01
9.026200771331787109e-01 2.688726782798767090e-01
9.067254066467285156e-01 2.459705471992492676e-01
