4.850274920463562012e-01 3.092366755008697510e-01
4.819346368312835693e-01 3.137453198432922363e-01
4.786483645439147949e-01 3.096920549869537354e-01
4.867416620254516602e-01 3.175373673439025879e-01
4.818521142005920410e-01 2.958671748638153076e-01
5.201444029808044434e-01 3.263776898384094238e-01
5.149902105331420898e-01 2.763252258300781250e-01
5.731320381164550781e-01 3.255173563957214355e-01
5.553675889968872070e-01 2.657619118690490723e-01
6.147114038467407227e-01 3.171431422233581543e-01
5.730748772621154785e-01 2.597885429859161377e-01
6.058427691459655762e-01 3.082344830036163330e-01
6.071528196334838867e-01 2.826701104640960693e-01
6.829117536544799805e-01 3.124393820762634277e-01
6.878637671470642090e-01 2.837752997875213623e-01
7.249793410301208496e-01 3.243088126182556152e-01
7.164339423179626465e-01 2.886512577533721924e-01
