4.702877998352050781e-01 3.647100329399108887e-01
4.665635824203491211e-01 3.606487512588500977e-01
4.670756757259368896e-01 3.640449643135070801e-01
4.731642007827758789e-01 3.485973775386810303e-01
4.686249494552612305e-01 3.571814894676208496e-01
4.954763352870941162e-01 3.436807990074157715e-01
5.012007355690002441e-01 3.474271893501281738e-01
5.299656391143798828e-01 3.459226787090301514e-01
5.291942954063415527e-01 3.474479317665100098e-01
5.561374425888061523e-01 3.699879050254821777e-01
5.490782260894775391e-01 3.692267537117004395e-01
5.746473073959350586e-01 3.411597013473510742e-01
5.745562314987182617e-01 3.415997028350830078e-01
6.297366023063659668e-01 3.420220017433166504e-01
6.335824728012084961e-01 3.492274284362792969e-01
7.353619933128356934e-01 3.366691768169403076e-01
7.383150458335876465e-01 3.398656845092773438e-01
