5.255378484725952148e-01 4.549735486507415771e-01
5.220708847045898438e-01 4.580200314521789551e-01
5.221087932586669922e-01 4.570129513740539551e-01
5.241921544075012207e-01 4.607093334197998047e-01
5.233688950538635254e-01 4.584013819694519043e-01
5.416386723518371582e-01 4.589603841304779053e-01
5.414983034133911133e-01 4.541375339031219482e-01
5.647296309471130371e-01 4.623281657695770264e-01
5.629623532295227051e-01 4.526870250701904297e-01
5.852438211441040039e-01 4.603990316390991211e-01
5.836927294731140137e-01 4.531704783439636230e-01
5.866340994834899902e-01 4.510377645492553711e-01
5.870338678359985352e-01 4.477013051509857178e-01
6.216168403625488281e-01 4.541252851486206055e-01
6.210909485816955566e-01 4.503192901611328125e-01
6.533530950546264648e-01 4.507398009300231934e-01
6.519839763641357422e-01 4.479917287826538086e-01
