5.104139447212219238e-01 2.887246012687683105e-01
5.035482048988342285e-01 2.892894744873046875e-01
5.028188228607177734e-01 2.844952940940856934e-01
5.099130272865295410e-01 2.876562774181365967e-01
5.070778131484985352e-01 2.783014774322509766e-01
5.544144511222839355e-01 3.028192222118377686e-01
5.533391237258911133e-01 2.805947661399841309e-01
6.173169016838073730e-01 3.271342813968658447e-01
6.111323833465576172e-01 2.810916304588317871e-01
6.801062822341918945e-01 3.407705724239349365e-01
6.747666597366333008e-01 2.864571213722229004e-01
6.756801009178161621e-01 3.242055773735046387e-01
6.761159300804138184e-01 3.062237203121185303e-01
7.671259641647338867e-01 3.524285256862640381e-01
7.717596292495727539e-01 3.400807976722717285e-01
8.778262138366699219e-01 3.801760375499725342e-01
8.771499991416931152e-01 3.694376349449157715e-01
