4.289904236793518066e-01 4.183808565139770508e-01
4.331675767898559570e-01 4.142724871635437012e-01
4.323010444641113281e-01 4.153614044189453125e-01
4.603101015090942383e-01 4.025425612926483154e-01
4.699479937553405762e-01 3.867437839508056641e-01
4.897089600563049316e-01 3.825412392616271973e-01
4.808596074581146240e-01 3.624868988990783691e-01
4.685688912868499756e-01 4.146193861961364746e-01
4.230468273162841797e-01 4.105323553085327148e-01
4.812846183776855469e-01 4.198143482208251953e-01
3.742142617702484131e-01 4.424177110195159912e-01
5.778887867927551270e-01 3.577058911323547363e-01
5.721417069435119629e-01 3.373167514801025391e-01
6.852668523788452148e-01 3.457289934158325195e-01
6.829445362091064453e-01 3.305589556694030762e-01
7.949931621551513672e-01 3.424859046936035156e-01
7.930953502655029297e-01 3.240234553813934326e-01
