3.751510977745056152e-01 3.871117234230041504e-01
3.701997697353363037e-01 3.834807574748992920e-01
3.717199265956878662e-01 3.941136300563812256e-01
3.723790049552917480e-01 3.767543435096740723e-01
3.728109598159790039e-01 3.930506110191345215e-01
4.101119935512542725e-01 3.527806699275970459e-01
4.041225314140319824e-01 3.961389064788818359e-01
4.612190425395965576e-01 3.452170789241790771e-01
4.627577960491180420e-01 3.904004096984863281e-01
5.131468772888183594e-01 3.404154479503631592e-01
5.138342380523681641e-01 3.869462907314300537e-01
5.005919337272644043e-01 3.368639647960662842e-01
5.187848210334777832e-01 3.712754249572753906e-01
5.805926322937011719e-01 3.419634699821472168e-01
5.912878513336181641e-01 3.620106875896453857e-01
6.470224261283874512e-01 3.432775437831878662e-01
6.472662091255187988e-01 3.524782657623291016e-01
