5.080842375755310059e-01 2.858268022537231445e-01
5.031244158744812012e-01 2.866662740707397461e-01
5.018951892852783203e-01 2.783370614051818848e-01
5.085940361022949219e-01 2.955688238143920898e-01
5.070728659629821777e-01 2.714930772781372070e-01
5.426489114761352539e-01 3.086903989315032959e-01
5.530463457107543945e-01 2.515987753868103027e-01
5.656297206878662109e-01 3.391351699829101562e-01
6.007010936737060547e-01 2.331307977437973022e-01
5.351372957229614258e-01 3.913798928260803223e-01
5.842462182044982910e-01 2.300108373165130615e-01
6.742662787437438965e-01 2.983095645904541016e-01
6.730788946151733398e-01 2.609356045722961426e-01
7.876905202865600586e-01 2.930603623390197754e-01
7.905027270317077637e-01 2.569847702980041504e-01
8.971230983734130859e-01 2.838462591171264648e-01
9.001302719116210938e-01 2.476803511381149292e-01
