5.333420038223266602e-01 4.529641568660736084e-01
5.287451148033142090e-01 4.565568864345550537e-01
5.288361310958862305e-01 4.542948007583618164e-01
5.300363302230834961e-01 4.631441235542297363e-01
5.292059779167175293e-01 4.569949805736541748e-01
5.449165701866149902e-01 4.561876654624938965e-01
5.466991662979125977e-01 4.518056511878967285e-01
5.688836574554443359e-01 4.663590788841247559e-01
5.662133693695068359e-01 4.520562589168548584e-01
5.876578092575073242e-01 4.689007699489593506e-01
5.842940807342529297e-01 4.584073722362518311e-01
5.954568386077880859e-01 4.550598263740539551e-01
5.944051146507263184e-01 4.501027762889862061e-01
6.324727535247802734e-01 4.552961587905883789e-01
6.293500065803527832e-01 4.509313106536865234e-01
6.631969213485717773e-01 4.538570344448089600e-01
6.597089767456054688e-01 4.503059983253479004e-01
