5.357463359832763672e-01 4.532158970832824707e-01
5.312656164169311523e-01 4.565252959728240967e-01
5.315176248550415039e-01 4.548723399639129639e-01
5.325142741203308105e-01 4.625261425971984863e-01
5.317472219467163086e-01 4.577805995941162109e-01
5.477380156517028809e-01 4.548150300979614258e-01
5.485204458236694336e-01 4.527620673179626465e-01
5.710784196853637695e-01 4.643620252609252930e-01
5.694532394409179688e-01 4.536030888557434082e-01
5.895155668258666992e-01 4.678812026977539062e-01
5.862059593200683594e-01 4.594888091087341309e-01
5.972091555595397949e-01 4.540333449840545654e-01
5.962830781936645508e-01 4.505498111248016357e-01
6.337537765502929688e-01 4.546506106853485107e-01
6.307710409164428711e-01 4.511825740337371826e-01
6.640515327453613281e-01 4.531423747539520264e-01
6.605769395828247070e-01 4.512023627758026123e-01
