4.951829612255096436e-01 2.744902372360229492e-01
4.892973601818084717e-01 2.763691544532775879e-01
4.917184710502624512e-01 2.738083899021148682e-01
4.995965957641601562e-01 2.744995057582855225e-01
5.044498443603515625e-01 2.681851387023925781e-01
5.316747426986694336e-01 2.823910713195800781e-01
5.491355657577514648e-01 2.650831043720245361e-01
5.204018950462341309e-01 2.842225432395935059e-01
5.891406536102294922e-01 2.390154302120208740e-01
4.646215140819549561e-01 3.023768067359924316e-01
6.440300941467285156e-01 1.854931563138961792e-01
6.625576615333557129e-01 3.022624254226684570e-01
6.666722297668457031e-01 2.937339544296264648e-01
7.432664632797241211e-01 3.052957653999328613e-01
7.453100681304931641e-01 3.023905158042907715e-01
8.483675718307495117e-01 3.118313848972320557e-01
8.456978201866149902e-01 3.072809278964996338e-01
