3.913360238075256348e-01 6.003099679946899414e-01
3.795786499977111816e-01 6.038198471069335938e-01
3.834729790687561035e-01 5.975465774536132812e-01
3.863524794578552246e-01 6.220915317535400391e-01
3.886342942714691162e-01 6.083528995513916016e-01
4.170987010002136230e-01 6.421433687210083008e-01
4.442854821681976318e-01 6.198723316192626953e-01
3.668882846832275391e-01 6.192283630371093750e-01
5.173689126968383789e-01 5.987792015075683594e-01
3.024054765701293945e-01 5.548891425132751465e-01
4.991624057292938232e-01 5.832754969596862793e-01
5.864554047584533691e-01 6.625891923904418945e-01
5.888774394989013672e-01 6.512898206710815430e-01
7.116438150405883789e-01 6.493757367134094238e-01
7.143888473510742188e-01 6.434233188629150391e-01
8.313257694244384766e-01 7.116940021514892578e-01
8.537000417709350586e-01 6.500858664512634277e-01
