3.127666115760803223e-01 3.508505523204803467e-01
3.086629211902618408e-01 3.537909984588623047e-01
3.111091852188110352e-01 3.511509597301483154e-01
3.085909783840179443e-01 3.574357926845550537e-01
3.105423450469970703e-01 3.448718786239624023e-01
3.271765708923339844e-01 3.562525212764739990e-01
3.273572921752929688e-01 3.467749357223510742e-01
3.456062078475952148e-01 3.634030520915985107e-01
3.459360003471374512e-01 3.456009030342102051e-01
3.586288690567016602e-01 3.547113537788391113e-01
3.649156987667083740e-01 3.312210738658905029e-01
3.663659989833831787e-01 3.391711711883544922e-01
3.645280599594116211e-01 3.394317328929901123e-01
3.873206973075866699e-01 3.602645397186279297e-01
3.920380473136901855e-01 3.423587977886199951e-01
4.246382117271423340e-01 3.501324057579040527e-01
4.074748456478118896e-01 3.482981920242309570e-01
