4.268744587898254395e-01 3.755893409252166748e-01
4.241313338279724121e-01 3.707712292671203613e-01
4.231055974960327148e-01 3.826539218425750732e-01
4.296101331710815430e-01 3.612218797206878662e-01
4.296484589576721191e-01 3.891448974609375000e-01
4.568990468978881836e-01 3.405291736125946045e-01
4.612913131713867188e-01 3.872619569301605225e-01
4.868317246437072754e-01 3.204641640186309814e-01
4.692480266094207764e-01 3.750146031379699707e-01
4.658634066581726074e-01 3.206442594528198242e-01
4.614474177360534668e-01 3.628652691841125488e-01
5.716139078140258789e-01 3.112117648124694824e-01
5.757580995559692383e-01 3.436876535415649414e-01
6.564701795578002930e-01 2.830934524536132812e-01
6.673860549926757812e-01 3.417367637157440186e-01
7.804087996482849121e-01 3.147001862525939941e-01
7.864002585411071777e-01 3.294982910156250000e-01
