3.661527633666992188e-01 3.496974706649780273e-01
3.576747179031372070e-01 3.542893826961517334e-01
3.570501208305358887e-01 3.465214967727661133e-01
3.575470149517059326e-01 3.606914281845092773e-01
3.592440485954284668e-01 3.402901291847229004e-01
4.020920693874359131e-01 3.741159439086914062e-01
3.891985416412353516e-01 3.213917315006256104e-01
4.652063250541687012e-01 3.953226506710052490e-01
4.556990563869476318e-01 3.198871314525604248e-01
4.892511367797851562e-01 4.059451818466186523e-01
5.177234411239624023e-01 3.329260945320129395e-01
5.198432207107543945e-01 3.742752075195312500e-01
5.186754465103149414e-01 3.407150506973266602e-01
6.065871119499206543e-01 3.785567283630371094e-01
6.107835173606872559e-01 3.410515785217285156e-01
7.053432464599609375e-01 3.905206322669982910e-01
6.943842172622680664e-01 3.421248197555541992e-01
