5.872499942779541016e-01 2.760347723960876465e-01
5.857643485069274902e-01 2.765663862228393555e-01
5.847932100296020508e-01 2.785730361938476562e-01
5.842331051826477051e-01 2.784215211868286133e-01
5.805462598800659180e-01 2.904444038867950439e-01
6.062772870063781738e-01 2.795677781105041504e-01
6.029152870178222656e-01 2.918334007263183594e-01
6.483922004699707031e-01 2.711486816406250000e-01
6.502922177314758301e-01 2.878745794296264648e-01
6.704627871513366699e-01 2.592306733131408691e-01
6.656410098075866699e-01 2.815979421138763428e-01
6.886982917785644531e-01 2.736947536468505859e-01
6.883260607719421387e-01 2.873426973819732666e-01
7.370545864105224609e-01 2.592792212963104248e-01
7.359654307365417480e-01 2.859283387660980225e-01
8.490632772445678711e-01 2.810370624065399170e-01
8.490853309631347656e-01 2.934745848178863525e-01
