3.304433524608612061e-01 3.617233932018280029e-01
3.241574168205261230e-01 3.661586642265319824e-01
3.272609114646911621e-01 3.623465299606323242e-01
3.237217962741851807e-01 3.759691119194030762e-01
3.252127766609191895e-01 3.641609549522399902e-01
3.506836593151092529e-01 3.842971026897430420e-01
3.508371114730834961e-01 3.719009160995483398e-01
4.086977839469909668e-01 3.587363660335540771e-01
4.056960940361022949e-01 3.478845953941345215e-01
4.405013918876647949e-01 3.486422896385192871e-01
4.357332885265350342e-01 3.444586694240570068e-01
4.721872210502624512e-01 3.498747944831848145e-01
4.635619521141052246e-01 3.528313636779785156e-01
5.510798692703247070e-01 3.194578588008880615e-01
5.524663925170898438e-01 3.185984790325164795e-01
6.253469586372375488e-01 3.245771825313568115e-01
6.273931860923767090e-01 3.204125165939331055e-01
