4.464878439903259277e-01 5.792241096496582031e-01
4.422338902950286865e-01 5.837023854255676270e-01
4.405678510665893555e-01 5.797998309135437012e-01
4.456368088722229004e-01 5.918930768966674805e-01
4.411240816116333008e-01 5.738698840141296387e-01
4.850065112113952637e-01 6.076542139053344727e-01
4.794157147407531738e-01 5.620842576026916504e-01
5.365257263183593750e-01 6.233961582183837891e-01
5.273463726043701172e-01 5.509608983993530273e-01
5.542431473731994629e-01 6.095899343490600586e-01
5.526160001754760742e-01 5.659147500991821289e-01
5.796257257461547852e-01 6.009583473205566406e-01
5.756903886795043945e-01 5.665950775146484375e-01
6.570209860801696777e-01 5.971664786338806152e-01
6.591252684593200684e-01 5.655949115753173828e-01
7.315672636032104492e-01 5.919911861419677734e-01
7.370127439498901367e-01 5.626873970031738281e-01
