2.862529754638671875e-01 3.908799290657043457e-01
2.864727079868316650e-01 3.939833343029022217e-01
2.898365557193756104e-01 3.918446898460388184e-01
2.870829701423645020e-01 4.033001661300659180e-01
2.899130582809448242e-01 3.929281234741210938e-01
3.083413839340209961e-01 4.104605913162231445e-01
3.112937211990356445e-01 3.999250829219818115e-01
3.210439682006835938e-01 4.086829423904418945e-01
3.264138102531433105e-01 3.921657800674438477e-01
3.303008377552032471e-01 4.018910527229309082e-01
3.369443416595458984e-01 3.693675696849822998e-01
3.423459231853485107e-01 4.088585376739501953e-01
3.453599214553833008e-01 4.007783830165863037e-01
3.448759913444519043e-01 4.101250767707824707e-01
3.464459180831909180e-01 3.761717081069946289e-01
3.526953160762786865e-01 4.021451175212860107e-01
3.553132712841033936e-01 3.894867599010467529e-01
