4.259853363037109375e-01 4.020290374755859375e-01
4.195387363433837891e-01 4.035628437995910645e-01
4.179143607616424561e-01 4.027367830276489258e-01
4.243553578853607178e-01 3.932333886623382568e-01
4.194446504116058350e-01 3.882862329483032227e-01
4.441543519496917725e-01 3.765660226345062256e-01
4.512200057506561279e-01 3.613334298133850098e-01
4.792146682739257812e-01 3.788725733757019043e-01
4.923505783081054688e-01 3.481647968292236328e-01
5.325056910514831543e-01 3.743073344230651855e-01
5.310528278350830078e-01 3.619998097419738770e-01
5.318284630775451660e-01 3.302369117736816406e-01
5.291291475296020508e-01 3.199444413185119629e-01
6.050284504890441895e-01 3.399183452129364014e-01
6.071547865867614746e-01 3.117327392101287842e-01
6.909395456314086914e-01 3.077948689460754395e-01
6.910891532897949219e-01 2.735782563686370850e-01
