4.919942021369934082e-01 4.141153097152709961e-01
4.884672760963439941e-01 4.157120883464813232e-01
4.785758852958679199e-01 4.101147055625915527e-01
4.937402904033660889e-01 4.160539507865905762e-01
4.841785430908203125e-01 4.013836085796356201e-01
5.372951626777648926e-01 4.125091433525085449e-01
5.403819084167480469e-01 3.939650058746337891e-01
5.907297134399414062e-01 4.132326841354370117e-01
5.852737426757812500e-01 3.811463117599487305e-01
6.701850295066833496e-01 4.075691699981689453e-01
6.672955751419067383e-01 3.877903819084167480e-01
6.630380153656005859e-01 4.060862958431243896e-01
6.633789539337158203e-01 3.919856250286102295e-01
7.363914847373962402e-01 4.091402292251586914e-01
7.393216490745544434e-01 3.910970091819763184e-01
8.307803869247436523e-01 3.958939015865325928e-01
8.346831798553466797e-01 3.819346129894256592e-01
