3.856883049011230469e-01 2.594043612480163574e-01
3.811517357826232910e-01 2.808770537376403809e-01
3.814599215984344482e-01 2.546682953834533691e-01
3.873263001441955566e-01 2.590261697769165039e-01
3.848417997360229492e-01 2.434955239295959473e-01
4.077589511871337891e-01 2.715587615966796875e-01
4.142969846725463867e-01 2.071215361356735229e-01
4.196805953979492188e-01 2.969450354576110840e-01
4.367361664772033691e-01 1.873009800910949707e-01
4.071105420589447021e-01 3.050578832626342773e-01
3.966409564018249512e-01 2.606612145900726318e-01
4.843338429927825928e-01 2.556047141551971436e-01
4.902140796184539795e-01 2.105676531791687012e-01
5.517588853836059570e-01 2.742334306240081787e-01
5.795962810516357422e-01 2.312690019607543945e-01
5.902113318443298340e-01 2.854430675506591797e-01
6.155108213424682617e-01 2.257959544658660889e-01
