4.466983675956726074e-01 5.801520943641662598e-01
4.419538974761962891e-01 5.844649076461791992e-01
4.404405355453491211e-01 5.771050453186035156e-01
4.448933303356170654e-01 5.923888087272644043e-01
4.411973655223846436e-01 5.753588676452636719e-01
4.833356142044067383e-01 6.062685847282409668e-01
4.787989258766174316e-01 5.616855621337890625e-01
5.371803641319274902e-01 6.247462630271911621e-01
5.269683599472045898e-01 5.528206229209899902e-01
5.504413843154907227e-01 6.094368696212768555e-01
5.504165887832641602e-01 5.673881173133850098e-01
5.793786048889160156e-01 6.010403633117675781e-01
5.749537348747253418e-01 5.660558342933654785e-01
6.566234827041625977e-01 5.965344309806823730e-01
6.571444272994995117e-01 5.664901733398437500e-01
7.322849631309509277e-01 5.927448272705078125e-01
7.342127561569213867e-01 5.625360608100891113e-01
