3.276289105415344238e-01 4.054479300975799561e-01
3.171835243701934814e-01 3.899072110652923584e-01
3.228677511215209961e-01 4.097114205360412598e-01
3.177934885025024414e-01 3.844929337501525879e-01
3.228134214878082275e-01 4.114002883434295654e-01
3.668821752071380615e-01 3.617802262306213379e-01
3.676323592662811279e-01 3.926730155944824219e-01
4.163603484630584717e-01 3.617998361587524414e-01
4.146096706390380859e-01 3.998295962810516357e-01
4.643582105636596680e-01 3.585012555122375488e-01
4.638100862503051758e-01 3.701277375221252441e-01
4.734060764312744141e-01 3.450851142406463623e-01
4.747056961059570312e-01 3.640834987163543701e-01
5.547677874565124512e-01 3.372117280960083008e-01
5.526613593101501465e-01 3.583897352218627930e-01
6.527960300445556641e-01 3.184469938278198242e-01
6.506358385086059570e-01 3.422881960868835449e-01
