4.561214148998260498e-01 3.842421472072601318e-01
4.506467580795288086e-01 3.842874765396118164e-01
4.509475231170654297e-01 3.866900205612182617e-01
4.518690109252929688e-01 3.719002604484558105e-01
4.510576128959655762e-01 3.734800219535827637e-01
4.767519831657409668e-01 3.530386090278625488e-01
4.850650727748870850e-01 3.540029525756835938e-01
5.297118425369262695e-01 3.487170338630676270e-01
5.326198339462280273e-01 3.452634215354919434e-01
5.566047430038452148e-01 3.789418637752532959e-01
5.734693408012390137e-01 3.619440793991088867e-01
5.624207258224487305e-01 3.281524181365966797e-01
5.610185861587524414e-01 3.289222717285156250e-01
6.302641630172729492e-01 3.302043974399566650e-01
6.371039152145385742e-01 3.346060216426849365e-01
7.076334357261657715e-01 3.274805247783660889e-01
7.127589583396911621e-01 3.317131996154785156e-01
