5.620860457420349121e-01 4.331520199775695801e-01
5.565859079360961914e-01 4.340363740921020508e-01
5.577195882797241211e-01 4.325687587261199951e-01
5.563629865646362305e-01 4.342176616191864014e-01
5.578690767288208008e-01 4.331670999526977539e-01
5.700641870498657227e-01 4.332908391952514648e-01
5.728873014450073242e-01 4.288728237152099609e-01
5.845528841018676758e-01 4.333020448684692383e-01
5.842407941818237305e-01 4.233534336090087891e-01
5.998409390449523926e-01 4.273698031902313232e-01
6.032416224479675293e-01 4.108303189277648926e-01
6.151590347290039062e-01 4.278150200843811035e-01
6.154163479804992676e-01 4.241603612899780273e-01
6.412531137466430664e-01 4.161112904548645020e-01
6.419131755828857422e-01 4.089017808437347412e-01
6.824603080749511719e-01 4.145716130733489990e-01
6.831915378570556641e-01 4.089114367961883545e-01
