4.654931724071502686e-01 3.108054101467132568e-01
4.599624872207641602e-01 3.135317564010620117e-01
4.538106918334960938e-01 3.151771426200866699e-01
4.703383445739746094e-01 3.245812058448791504e-01
4.624592661857604980e-01 3.092274963855743408e-01
5.265079736709594727e-01 3.289681971073150635e-01
4.958670139312744141e-01 2.938390076160430908e-01
5.859779119491577148e-01 3.247593045234680176e-01
4.301353693008422852e-01 2.721490263938903809e-01
6.493176221847534180e-01 3.220049738883972168e-01
3.867069184780120850e-01 2.632872760295867920e-01
6.411696672439575195e-01 2.879383563995361328e-01
6.335049867630004883e-01 2.612837851047515869e-01
7.561956644058227539e-01 2.746787667274475098e-01
7.502169609069824219e-01 2.527665495872497559e-01
8.655239939689636230e-01 2.735612988471984863e-01
8.714967966079711914e-01 2.418925613164901733e-01
