4.754015207290649414e-01 3.090167641639709473e-01
4.735948741436004639e-01 3.112059831619262695e-01
4.707802534103393555e-01 3.044273853302001953e-01
4.832074642181396484e-01 3.209539651870727539e-01
4.794015586376190186e-01 3.072969913482666016e-01
5.329002737998962402e-01 3.302276730537414551e-01
5.023738145828247070e-01 2.953678965568542480e-01
5.830499529838562012e-01 3.292168974876403809e-01
4.603478908538818359e-01 2.743313014507293701e-01
6.458040475845336914e-01 3.228627741336822510e-01
3.951319158077239990e-01 2.484267055988311768e-01
6.316997408866882324e-01 2.968140542507171631e-01
6.248599290847778320e-01 2.685244977474212646e-01
7.354644536972045898e-01 2.843437194824218750e-01
7.337286472320556641e-01 2.532487213611602783e-01
8.349794745445251465e-01 2.758340835571289062e-01
8.448544740676879883e-01 2.492984235286712646e-01
