5.340200066566467285e-01 4.575844407081604004e-01
5.308120250701904297e-01 4.594198167324066162e-01
5.308295488357543945e-01 4.590099453926086426e-01
5.287235975265502930e-01 4.597644805908203125e-01
5.307314395904541016e-01 4.589324891567230225e-01
5.483031868934631348e-01 4.639062881469726562e-01
5.481678247451782227e-01 4.551371037960052490e-01
5.740347504615783691e-01 4.693642258644104004e-01
5.722610950469970703e-01 4.575995206832885742e-01
5.896470546722412109e-01 4.697788953781127930e-01
5.884176492691040039e-01 4.611876606941223145e-01
5.922425389289855957e-01 4.620098769664764404e-01
5.926328897476196289e-01 4.587895870208740234e-01
6.268912553787231445e-01 4.645244777202606201e-01
6.271950006484985352e-01 4.565206468105316162e-01
6.587251424789428711e-01 4.606266915798187256e-01
6.562093496322631836e-01 4.562460780143737793e-01
