3.465737998485565186e-01 4.349932074546813965e-01
3.406942784786224365e-01 4.357286393642425537e-01
3.394779860973358154e-01 4.316360950469970703e-01
3.426918387413024902e-01 4.232669770717620850e-01
3.399693667888641357e-01 4.128922820091247559e-01
3.755482137203216553e-01 4.122733771800994873e-01
3.789914548397064209e-01 3.878059089183807373e-01
4.328214824199676514e-01 4.084113836288452148e-01
4.333218336105346680e-01 3.688420653343200684e-01
4.603242576122283936e-01 3.994995951652526855e-01
4.658568799495697021e-01 3.921145200729370117e-01
4.853634834289550781e-01 3.731017112731933594e-01
4.812978506088256836e-01 3.567300736904144287e-01
5.551319718360900879e-01 3.666207492351531982e-01
5.514439344406127930e-01 3.498886227607727051e-01
6.572252511978149414e-01 3.619415760040283203e-01
6.517647504806518555e-01 3.475140035152435303e-01
