5.644210577011108398e-01 3.391513228416442871e-01
5.587008595466613770e-01 3.404297828674316406e-01
5.567140579223632812e-01 3.364858031272888184e-01
5.599598884582519531e-01 3.375187814235687256e-01
5.556514263153076172e-01 3.273853063583374023e-01
5.913877487182617188e-01 3.477901816368103027e-01
5.916473269462585449e-01 3.155153691768646240e-01
6.492282152175903320e-01 3.551077842712402344e-01
6.554340124130249023e-01 2.922652959823608398e-01
6.826534271240234375e-01 3.750379681587219238e-01
6.798838376998901367e-01 3.380581736564636230e-01
6.962811946868896484e-01 3.270642757415771484e-01
6.957161426544189453e-01 2.979391813278198242e-01
7.649075388908386230e-01 3.297913074493408203e-01
7.629345655441284180e-01 3.024022281169891357e-01
8.645135760307312012e-01 3.517257869243621826e-01
8.385052680969238281e-01 2.857297062873840332e-01
