4.098752439022064209e-01 6.358757019042968750e-01
4.036313295364379883e-01 6.304397583007812500e-01
4.047220945358276367e-01 6.465991735458374023e-01
4.140158891677856445e-01 6.370135545730590820e-01
4.170820713043212891e-01 6.720315217971801758e-01
4.729886054992675781e-01 6.193894147872924805e-01
4.466439187526702881e-01 6.879652738571166992e-01
5.493828058242797852e-01 5.860835313796997070e-01
4.055575132369995117e-01 7.586590647697448730e-01
5.461660027503967285e-01 5.497732758522033691e-01
3.983946740627288818e-01 7.517811059951782227e-01
6.214722990989685059e-01 6.466492414474487305e-01
6.106110215187072754e-01 7.003865242004394531e-01
7.567312717437744141e-01 6.563823223114013672e-01
7.436227202415466309e-01 7.020367383956909180e-01
9.053516387939453125e-01 6.734479665756225586e-01
8.910102248191833496e-01 7.216030955314636230e-01
