3.997153043746948242e-01 6.020351052284240723e-01
3.854699134826660156e-01 6.066823601722717285e-01
3.913472890853881836e-01 6.008083224296569824e-01
3.921744227409362793e-01 6.213399171829223633e-01
3.996478915214538574e-01 5.970474481582641602e-01
4.171915054321289062e-01 6.394455432891845703e-01
4.641501307487487793e-01 6.039867401123046875e-01
3.504427373409271240e-01 6.126126646995544434e-01
5.277942419052124023e-01 6.040126085281372070e-01
3.148432970046997070e-01 5.338194370269775391e-01
5.140361785888671875e-01 5.863443613052368164e-01
5.842998027801513672e-01 6.580653190612792969e-01
5.898854732513427734e-01 6.522804498672485352e-01
7.107476592063903809e-01 6.343179941177368164e-01
7.068866491317749023e-01 6.800254583358764648e-01
8.539776206016540527e-01 6.320728063583374023e-01
8.220920562744140625e-01 7.330428957939147949e-01
