4.542786478996276855e-01 4.214212596416473389e-01
4.445904493331909180e-01 4.198185205459594727e-01
4.456152915954589844e-01 4.230758547782897949e-01
4.440741539001464844e-01 4.094447791576385498e-01
4.434265494346618652e-01 4.198546409606933594e-01
4.746538102626800537e-01 4.028128087520599365e-01
4.714269340038299561e-01 4.107697904109954834e-01
5.047140121459960938e-01 4.090632200241088867e-01
5.068933963775634766e-01 4.122047126293182373e-01
4.944875240325927734e-01 4.445763230323791504e-01
5.299608111381530762e-01 4.448141753673553467e-01
5.904085636138916016e-01 4.019033610820770264e-01
5.917477607727050781e-01 4.050812125205993652e-01
6.624671816825866699e-01 4.094274044036865234e-01
6.627904176712036133e-01 4.137247204780578613e-01
7.551433444023132324e-01 4.230294823646545410e-01
7.553691864013671875e-01 4.265751540660858154e-01
