4.054256081581115723e-01 1.935006976127624512e-01
3.991171717643737793e-01 1.866050362586975098e-01
3.969838321208953857e-01 2.032698839902877808e-01
4.006249308586120605e-01 1.733320057392120361e-01
4.019531011581420898e-01 1.983569562435150146e-01
4.416858851909637451e-01 1.520771980285644531e-01
4.400882422924041748e-01 2.062223404645919800e-01
4.817893207073211670e-01 1.404083222150802612e-01
4.665158987045288086e-01 2.473936378955841064e-01
4.983499944210052490e-01 1.534186005592346191e-01
4.566926360130310059e-01 2.708255052566528320e-01
5.578504800796508789e-01 1.804808825254440308e-01
5.582628250122070312e-01 2.187817990779876709e-01
6.378067731857299805e-01 1.882366985082626343e-01
6.362226009368896484e-01 2.352321594953536987e-01
7.083606123924255371e-01 2.008543014526367188e-01
7.012858390808105469e-01 2.431508898735046387e-01
