4.697927832603454590e-01 2.762209475040435791e-01
4.721283614635467529e-01 2.708599269390106201e-01
4.721159636974334717e-01 2.664862871170043945e-01
4.676108360290527344e-01 2.839252948760986328e-01
4.678246974945068359e-01 2.658626437187194824e-01
5.080993771553039551e-01 2.797508835792541504e-01
4.979529082775115967e-01 2.633722424507141113e-01
5.450753569602966309e-01 2.566931247711181641e-01
5.290061235427856445e-01 2.292504161596298218e-01
5.200817584991455078e-01 2.360313981771469116e-01
5.160357952117919922e-01 2.261174917221069336e-01
6.324073076248168945e-01 2.481017112731933594e-01
6.222845315933227539e-01 2.395762205123901367e-01
7.197158336639404297e-01 2.230052053928375244e-01
7.043176889419555664e-01 2.255389094352722168e-01
7.512598037719726562e-01 2.207650393247604370e-01
7.625478506088256836e-01 2.073575705289840698e-01
