4.237640500068664551e-01 3.837698698043823242e-01
4.181105494499206543e-01 3.817845284938812256e-01
4.190604686737060547e-01 3.819732666015625000e-01
4.247785210609436035e-01 3.739255368709564209e-01
4.259506165981292725e-01 3.737154603004455566e-01
4.607192873954772949e-01 3.657420575618743896e-01
4.642343223094940186e-01 3.596265017986297607e-01
4.150609672069549561e-01 3.986271321773529053e-01
4.145964980125427246e-01 3.853460550308227539e-01
2.887319624423980713e-01 3.858689963817596436e-01
4.225131273269653320e-01 4.171539247035980225e-01
5.635652542114257812e-01 3.694878220558166504e-01
5.634382963180541992e-01 3.569217622280120850e-01
6.669831275939941406e-01 3.828954100608825684e-01
6.614647507667541504e-01 3.829348087310791016e-01
7.572060823440551758e-01 3.923631310462951660e-01
7.592169046401977539e-01 3.920267224311828613e-01
