4.490323066711425781e-01 2.966540455818176270e-01
4.467473030090332031e-01 2.952883839607238770e-01
4.473280608654022217e-01 2.955233454704284668e-01
4.565385282039642334e-01 2.965896725654602051e-01
4.586478471755981445e-01 2.915678620338439941e-01
4.922204613685607910e-01 2.953005433082580566e-01
4.878912568092346191e-01 2.923301458358764648e-01
5.496891736984252930e-01 2.806565761566162109e-01
5.458350181579589844e-01 2.768633663654327393e-01
6.015139222145080566e-01 2.802389264106750488e-01
5.911887884140014648e-01 2.749687433242797852e-01
6.077273488044738770e-01 2.791995406150817871e-01
6.089543700218200684e-01 2.769023776054382324e-01
6.891877055168151855e-01 2.686502337455749512e-01
7.041155099868774414e-01 2.652258574962615967e-01
8.170668482780456543e-01 2.176685333251953125e-01
8.256156444549560547e-01 2.194624245166778564e-01
