3.539161384105682373e-01 3.741223216056823730e-01
3.487823903560638428e-01 3.731014728546142578e-01
3.490741848945617676e-01 3.675805330276489258e-01
3.449294567108154297e-01 3.590250015258789062e-01
3.459085822105407715e-01 3.477984070777893066e-01
3.867982625961303711e-01 3.591156899929046631e-01
3.846958279609680176e-01 3.213117122650146484e-01
4.475616812705993652e-01 3.822198510169982910e-01
4.558007717132568359e-01 3.272303640842437744e-01
4.793366193771362305e-01 4.101834297180175781e-01
4.903172850608825684e-01 3.912051916122436523e-01
5.038892030715942383e-01 3.536964058876037598e-01
5.028657913208007812e-01 3.286856710910797119e-01
5.958120226860046387e-01 3.637793064117431641e-01
5.938895344734191895e-01 3.178973793983459473e-01
6.905884742736816406e-01 3.976417183876037598e-01
6.690526008605957031e-01 2.958903908729553223e-01
