3.403519392013549805e-01 3.236369192600250244e-01
3.349393010139465332e-01 3.269874155521392822e-01
3.351678252220153809e-01 3.182364702224731445e-01
3.370770215988159180e-01 3.345050811767578125e-01
3.368080258369445801e-01 3.125846385955810547e-01
3.589996993541717529e-01 3.493870496749877930e-01
3.579164445400238037e-01 3.116519451141357422e-01
3.849856257438659668e-01 3.577944040298461914e-01
3.826470971107482910e-01 2.979747354984283447e-01
4.115994572639465332e-01 3.456089496612548828e-01
3.902304172515869141e-01 2.939707636833190918e-01
4.252814054489135742e-01 3.531128168106079102e-01
4.237809181213378906e-01 3.247193098068237305e-01
4.853258728981018066e-01 3.478406071662902832e-01
4.728238582611083984e-01 3.319910168647766113e-01
5.549120306968688965e-01 3.573622107505798340e-01
5.460184216499328613e-01 3.401828408241271973e-01
