4.482667148113250732e-01 5.710973143577575684e-01
4.453769326210021973e-01 5.725842714309692383e-01
4.457896351814270020e-01 5.701925754547119141e-01
4.467801451683044434e-01 5.790094137191772461e-01
4.475785493850708008e-01 5.696327686309814453e-01
4.668123126029968262e-01 5.829484462738037109e-01
4.724485576152801514e-01 5.679883360862731934e-01
5.013802647590637207e-01 5.860558152198791504e-01
5.009630322456359863e-01 5.628450512886047363e-01
5.296432971954345703e-01 5.868443250656127930e-01
5.283960103988647461e-01 5.687533617019653320e-01
5.276378393173217773e-01 5.835668444633483887e-01
5.289785861968994141e-01 5.689644813537597656e-01
5.646989345550537109e-01 5.777145028114318848e-01
5.681381225585937500e-01 5.673851370811462402e-01
6.182500720024108887e-01 5.742237567901611328e-01
6.151428222656250000e-01 5.649195909500122070e-01
