2.503511905670166016e-01 2.280294299125671387e-01
2.449655234813690186e-01 2.291721403598785400e-01
2.470801323652267456e-01 2.160411775112152100e-01
2.624178528785705566e-01 2.466920018196105957e-01
2.580369114875793457e-01 2.022787928581237793e-01
3.077085614204406738e-01 2.443765252828598022e-01
3.044628798961639404e-01 1.765585839748382568e-01
3.554002940654754639e-01 2.585406899452209473e-01
3.524159789085388184e-01 1.476532220840454102e-01
3.504754006862640381e-01 2.623962461948394775e-01
3.665250241756439209e-01 1.467718780040740967e-01
4.214825034141540527e-01 2.218152135610580444e-01
4.190361499786376953e-01 1.751444786787033081e-01
5.351921319961547852e-01 2.236001491546630859e-01
5.352077484130859375e-01 1.772364377975463867e-01
6.298188567161560059e-01 2.210264503955841064e-01
6.298854947090148926e-01 1.675175279378890991e-01
