4.527052342891693115e-01 4.387376010417938232e-01
4.483833312988281250e-01 4.416427314281463623e-01
4.500470757484436035e-01 4.380168616771697998e-01
4.469730257987976074e-01 4.438124299049377441e-01
4.496758878231048584e-01 4.343714416027069092e-01
4.638571441173553467e-01 4.442681670188903809e-01
4.647384583950042725e-01 4.344680905342102051e-01
4.821862876415252686e-01 4.488199353218078613e-01
4.805637598037719727e-01 4.340484738349914551e-01
5.060612559318542480e-01 4.422221183776855469e-01
5.057070851325988770e-01 4.322036504745483398e-01
5.063750743865966797e-01 4.481040835380554199e-01
5.076779723167419434e-01 4.403929412364959717e-01
5.398194789886474609e-01 4.412764906883239746e-01
5.433470010757446289e-01 4.266616702079772949e-01
5.823277235031127930e-01 4.351550042629241943e-01
5.820903778076171875e-01 4.303058385848999023e-01
