5.256009101867675781e-01 4.910809695720672607e-01
5.226345658302307129e-01 4.950161576271057129e-01
5.215448141098022461e-01 4.898604154586791992e-01
5.237784385681152344e-01 4.984132945537567139e-01
5.223860740661621094e-01 4.851077795028686523e-01
5.392332673072814941e-01 5.042826533317565918e-01
5.399283170700073242e-01 4.735374450683593750e-01
5.693290233612060547e-01 5.136671066284179688e-01
5.687514543533325195e-01 4.749302864074707031e-01
5.876160264015197754e-01 5.144463777542114258e-01
5.880914926528930664e-01 4.821702837944030762e-01
5.973009467124938965e-01 5.020545125007629395e-01
5.996471643447875977e-01 4.781545102596282959e-01
6.375908851623535156e-01 4.970556497573852539e-01
6.349713802337646484e-01 4.828339815139770508e-01
6.794124841690063477e-01 4.934131801128387451e-01
6.743071079254150391e-01 4.775248467922210693e-01
