3.391279876232147217e-01 2.024136483669281006e-01
3.285034298896789551e-01 2.019675970077514648e-01
3.288160562515258789e-01 1.926901936531066895e-01
3.326435685157775879e-01 2.008138597011566162e-01
3.342755436897277832e-01 1.800897121429443359e-01
3.974996805191040039e-01 1.717051863670349121e-01
4.020319581031799316e-01 1.928430497646331787e-01
4.513410925865173340e-01 2.435794472694396973e-01
4.545549750328063965e-01 2.542423009872436523e-01
4.026096761226654053e-01 2.967866957187652588e-01
4.014894962310791016e-01 3.026855587959289551e-01
6.070619821548461914e-01 1.909973919391632080e-01
6.115053296089172363e-01 1.720924228429794312e-01
7.517919540405273438e-01 2.564285397529602051e-01
7.805285453796386719e-01 2.021311968564987183e-01
9.110579490661621094e-01 2.734996676445007324e-01
8.755424022674560547e-01 9.763222187757492065e-02
