5.129448175430297852e-01 3.451770246028900146e-01
5.112788677215576172e-01 3.421497046947479248e-01
5.155566930770874023e-01 3.442021310329437256e-01
5.112887620925903320e-01 3.415102362632751465e-01
5.197127461433410645e-01 3.423992097377777100e-01
5.274584293365478516e-01 3.393964171409606934e-01
5.287891626358032227e-01 3.348507285118103027e-01
5.519446134567260742e-01 3.418263196945190430e-01
5.282232165336608887e-01 3.421025872230529785e-01
5.112904310226440430e-01 3.539041280746459961e-01
4.006855487823486328e-01 4.245593547821044922e-01
5.690628290176391602e-01 3.586071729660034180e-01
5.862495899200439453e-01 3.531973361968994141e-01
6.859651803970336914e-01 3.280317187309265137e-01
6.909462809562683105e-01 3.269662857055664062e-01
7.966720461845397949e-01 3.034127652645111084e-01
7.934107780456542969e-01 2.979173362255096436e-01
