4.574163556098937988e-01 3.851682841777801514e-01
4.523976743221282959e-01 3.827618062496185303e-01
4.519169032573699951e-01 3.852419555187225342e-01
4.569091498851776123e-01 3.698351085186004639e-01
4.554125070571899414e-01 3.734891116619110107e-01
4.834381043910980225e-01 3.606112599372863770e-01
4.859302639961242676e-01 3.539707362651824951e-01
5.267661213874816895e-01 3.720399737358093262e-01
5.253288745880126953e-01 3.566306829452514648e-01
5.598307847976684570e-01 3.844216465950012207e-01
5.619370937347412109e-01 3.738088607788085938e-01
5.722103714942932129e-01 3.439019918441772461e-01
5.714786052703857422e-01 3.362589478492736816e-01
6.470891833305358887e-01 3.575797080993652344e-01
6.500298380851745605e-01 3.460729718208312988e-01
7.385241985321044922e-01 3.395500779151916504e-01
7.440573573112487793e-01 3.291166126728057861e-01
