3.166112303733825684e-01 3.718784451484680176e-01
3.086309731006622314e-01 3.703879117965698242e-01
3.095998764038085938e-01 3.714717626571655273e-01
3.110594749450683594e-01 3.585841059684753418e-01
3.129549622535705566e-01 3.682881593704223633e-01
3.486153781414031982e-01 3.393423259258270264e-01
3.432402014732360840e-01 3.650676012039184570e-01
3.889684081077575684e-01 3.243724107742309570e-01
3.809394836425781250e-01 3.652805984020233154e-01
3.998956084251403809e-01 3.611383140087127686e-01
3.983782231807708740e-01 3.636386096477508545e-01
4.563882052898406982e-01 3.225215077400207520e-01
4.547851681709289551e-01 3.330959379673004150e-01
5.612752437591552734e-01 3.053624927997589111e-01
5.607737302780151367e-01 3.129803538322448730e-01
6.744207739830017090e-01 3.107545673847198486e-01
6.787556409835815430e-01 3.087660074234008789e-01
