4.011023938655853271e-01 3.922330737113952637e-01
3.971917331218719482e-01 3.907032907009124756e-01
3.979830145835876465e-01 3.918507993221282959e-01
3.987273573875427246e-01 3.864427804946899414e-01
3.995414972305297852e-01 3.864677548408508301e-01
4.276529252529144287e-01 3.842847049236297607e-01
4.254208207130432129e-01 3.802349269390106201e-01
4.717463850975036621e-01 3.816600441932678223e-01
4.710861444473266602e-01 3.841753602027893066e-01
4.883622825145721436e-01 3.771925568580627441e-01
4.987158775329589844e-01 3.813595175743103027e-01
5.369780063629150391e-01 3.765662312507629395e-01
5.370617508888244629e-01 3.859153389930725098e-01
6.204057931900024414e-01 3.780044019222259521e-01
6.196733713150024414e-01 3.871037960052490234e-01
6.656596660614013672e-01 3.827426433563232422e-01
6.631435155868530273e-01 3.911133408546447754e-01
