4.906733036041259766e-01 3.301919102668762207e-01
4.793664216995239258e-01 3.228025436401367188e-01
4.827117621898651123e-01 3.208758831024169922e-01
4.785418510437011719e-01 3.273129165172576904e-01
4.845247268676757812e-01 3.230904340744018555e-01
5.155046582221984863e-01 3.589941263198852539e-01
5.169836282730102539e-01 3.607626855373382568e-01
5.336955189704895020e-01 3.634195923805236816e-01
5.847512483596801758e-01 3.700287044048309326e-01
4.728407859802246094e-01 3.231079280376434326e-01
4.729510247707366943e-01 3.220779299736022949e-01
6.326610445976257324e-01 4.065414071083068848e-01
6.327241659164428711e-01 4.170240759849548340e-01
7.331752181053161621e-01 4.193297028541564941e-01
7.317726612091064453e-01 4.250664710998535156e-01
8.497570753097534180e-01 4.346098899841308594e-01
8.444937467575073242e-01 4.373635947704315186e-01
