5.312622785568237305e-01 3.539409041404724121e-01
5.287002325057983398e-01 3.544965386390686035e-01
5.240232348442077637e-01 3.545978069305419922e-01
5.324571728706359863e-01 3.509707450866699219e-01
5.245999097824096680e-01 3.390334844589233398e-01
5.570497512817382812e-01 3.468732237815856934e-01
5.573189854621887207e-01 3.093667030334472656e-01
6.042493581771850586e-01 3.485097885131835938e-01
6.181195974349975586e-01 2.861554622650146484e-01
6.679104566574096680e-01 3.608676195144653320e-01
6.385093927383422852e-01 3.116595447063446045e-01
6.629862189292907715e-01 3.094055056571960449e-01
6.599298119544982910e-01 2.757272124290466309e-01
7.571012377738952637e-01 3.287011384963989258e-01
7.550015449523925781e-01 2.621903121471405029e-01
8.667474985122680664e-01 3.414213657379150391e-01
8.573045730590820312e-01 2.371828258037567139e-01
