5.232334136962890625e-01 2.738058567047119141e-01
5.158632993698120117e-01 2.719477415084838867e-01
5.187177658081054688e-01 2.764298021793365479e-01
5.232012271881103516e-01 2.713722586631774902e-01
5.235478281974792480e-01 2.842844426631927490e-01
5.588064193725585938e-01 2.792244553565979004e-01
5.486086606979370117e-01 2.973222434520721436e-01
5.358253717422485352e-01 2.766245305538177490e-01
5.025044679641723633e-01 2.987591922283172607e-01
4.657022953033447266e-01 2.889526784420013428e-01
4.618640840053558350e-01 2.903211116790771484e-01
6.700148582458496094e-01 2.913056015968322754e-01
6.697996854782104492e-01 3.140833079814910889e-01
7.636997103691101074e-01 2.891047596931457520e-01
7.631358504295349121e-01 3.087852597236633301e-01
8.562082052230834961e-01 2.886098921298980713e-01
8.578640818595886230e-01 2.962109446525573730e-01
