4.407995939254760742e-01 3.866579234600067139e-01
4.359693527221679688e-01 3.863161504268646240e-01
4.362611472606658936e-01 3.877524733543395996e-01
4.336338937282562256e-01 3.786787986755371094e-01
4.405012726783752441e-01 3.738763034343719482e-01
4.594494998455047607e-01 3.602752089500427246e-01
4.632347524166107178e-01 3.550414741039276123e-01
5.077848434448242188e-01 3.564840257167816162e-01
5.120328664779663086e-01 3.432266116142272949e-01
5.315524935722351074e-01 3.714027404785156250e-01
5.326563119888305664e-01 3.628265261650085449e-01
5.423859953880310059e-01 3.307721912860870361e-01
5.423448085784912109e-01 3.256585299968719482e-01
6.035675406455993652e-01 3.236347138881683350e-01
6.082404851913452148e-01 3.271611928939819336e-01
6.630979776382446289e-01 3.103648424148559570e-01
6.507374644279479980e-01 3.279733657836914062e-01
