2.768316566944122314e-01 2.370569407939910889e-01
2.746348381042480469e-01 2.432141751050949097e-01
2.701034545898437500e-01 2.366864681243896484e-01
2.749989628791809082e-01 2.385406941175460815e-01
2.543959617614746094e-01 1.905267834663391113e-01
3.130939304828643799e-01 2.262368798255920410e-01
3.056178689002990723e-01 1.745530366897583008e-01
3.821361064910888672e-01 2.429920434951782227e-01
3.739597797393798828e-01 1.410326361656188965e-01
4.003873765468597412e-01 1.900796890258789062e-01
4.068982303142547607e-01 1.450195014476776123e-01
4.585848450660705566e-01 2.134045809507369995e-01
4.465103149414062500e-01 1.743892878293991089e-01
5.611037015914916992e-01 2.152503579854965210e-01
5.647360682487487793e-01 1.866307854652404785e-01
6.577994227409362793e-01 2.308711111545562744e-01
6.692540645599365234e-01 1.877649426460266113e-01
