7.250703871250152588e-02 3.796939551830291748e-01
6.273806095123291016e-02 3.734577298164367676e-01
5.621661990880966187e-02 3.673207163810729980e-01
6.519299745559692383e-02 3.756599426269531250e-01
5.335214734077453613e-02 3.446421623229980469e-01
1.208622455596923828e-01 3.452934622764587402e-01
1.039228141307830811e-01 3.070358335971832275e-01
2.043327540159225464e-01 3.255285620689392090e-01
2.020004242658615112e-01 2.714566588401794434e-01
3.003454804420471191e-01 3.249522447586059570e-01
2.888391017913818359e-01 2.815372943878173828e-01
2.641009092330932617e-01 2.697647511959075928e-01
2.608189284801483154e-01 2.366329878568649292e-01
4.115835428237915039e-01 2.452189177274703979e-01
4.112976491451263428e-01 2.301391214132308960e-01
5.688949227333068848e-01 2.196928560733795166e-01
4.550144076347351074e-01 2.287828624248504639e-01
