3.850910365581512451e-01 3.967852294445037842e-01
3.767388761043548584e-01 3.917764127254486084e-01
3.793017566204071045e-01 4.042837321758270264e-01
3.791057467460632324e-01 3.765204846858978271e-01
3.809983432292938232e-01 3.995314836502075195e-01
4.111988246440887451e-01 3.572782874107360840e-01
4.163543879985809326e-01 3.947198390960693359e-01
4.115888476371765137e-01 3.769651651382446289e-01
4.088130891323089600e-01 4.358905255794525146e-01
2.496636509895324707e-01 4.655997753143310547e-01
3.974523544311523438e-01 4.365419745445251465e-01
5.169749259948730469e-01 3.401716649532318115e-01
5.234630107879638672e-01 3.768064379692077637e-01
5.972593426704406738e-01 3.292621076107025146e-01
6.094549894332885742e-01 3.531296849250793457e-01
7.070066332817077637e-01 3.158370852470397949e-01
7.089593410491943359e-01 3.385156989097595215e-01
