2.978855371475219727e-01 7.106781005859375000e-01
2.917868196964263916e-01 7.202385663986206055e-01
2.933487296104431152e-01 7.161505222320556641e-01
2.942700982093811035e-01 7.244533300399780273e-01
2.966328263282775879e-01 7.062430381774902344e-01
3.095442056655883789e-01 7.279665470123291016e-01
3.136795759201049805e-01 7.118145823478698730e-01
3.233674764633178711e-01 7.258856296539306641e-01
3.255185484886169434e-01 6.911376714706420898e-01
3.383491635322570801e-01 7.190489172935485840e-01
3.389462232589721680e-01 6.878256201744079590e-01
3.497713208198547363e-01 7.168508768081665039e-01
3.490962982177734375e-01 7.064020633697509766e-01
3.726615607738494873e-01 7.095775604248046875e-01
3.784649074077606201e-01 6.871299147605895996e-01
4.042099416255950928e-01 7.104804515838623047e-01
4.019618928432464600e-01 6.853868365287780762e-01
