3.730779290199279785e-01 3.391437232494354248e-01
3.679626584053039551e-01 3.394524753093719482e-01
3.694149255752563477e-01 3.362863659858703613e-01
3.680638074874877930e-01 3.377460241317749023e-01
3.708431422710418701e-01 3.297703862190246582e-01
3.992019891738891602e-01 3.461563587188720703e-01
3.849081397056579590e-01 3.177061378955841064e-01
4.425587356090545654e-01 3.704007863998413086e-01
4.305541515350341797e-01 3.334308266639709473e-01
4.476549625396728516e-01 3.796627521514892578e-01
4.393229186534881592e-01 3.498088121414184570e-01
4.839285612106323242e-01 3.656505942344665527e-01
4.795810878276824951e-01 3.447266817092895508e-01
5.517458319664001465e-01 3.728094100952148438e-01
5.536590218544006348e-01 3.589024245738983154e-01
6.109813451766967773e-01 3.849736154079437256e-01
6.103024482727050781e-01 3.813619613647460938e-01
