3.932276368141174316e-01 6.110482811927795410e-01
3.800667524337768555e-01 6.191012263298034668e-01
3.841951489448547363e-01 6.111797094345092773e-01
3.901619613170623779e-01 6.338913440704345703e-01
3.940266072750091553e-01 6.210950016975402832e-01
4.305175244808197021e-01 6.437605619430541992e-01
4.554423093795776367e-01 6.349362730979919434e-01
3.348180651664733887e-01 6.323935985565185547e-01
5.439593195915222168e-01 6.215310096740722656e-01
2.491520494222640991e-01 5.863811969757080078e-01
5.387581586837768555e-01 5.791195631027221680e-01
5.993003845214843750e-01 6.545861959457397461e-01
6.023918390274047852e-01 6.703280210494995117e-01
7.207369208335876465e-01 6.435301303863525391e-01
7.249466776847839355e-01 6.680718660354614258e-01
8.656961321830749512e-01 6.463413238525390625e-01
8.487741947174072266e-01 6.953691840171813965e-01
