4.889776110649108887e-01 4.021181464195251465e-01
4.874349236488342285e-01 4.045579433441162109e-01
4.870950877666473389e-01 3.981066942214965820e-01
5.014642477035522461e-01 4.012496173381805420e-01
4.899294972419738770e-01 3.907209336757659912e-01
5.159699916839599609e-01 4.067618548870086670e-01
5.353474020957946777e-01 3.701795935630798340e-01
5.172883272171020508e-01 4.721308648586273193e-01
5.112576484680175781e-01 4.129047989845275879e-01
5.119541883468627930e-01 4.844040870666503906e-01
5.102370977401733398e-01 4.255116581916809082e-01
6.424944400787353516e-01 4.095202088356018066e-01
6.432859897613525391e-01 3.795809745788574219e-01
7.086218595504760742e-01 4.093312025070190430e-01
7.157707214355468750e-01 3.739325702190399170e-01
7.634348869323730469e-01 3.877494335174560547e-01
7.649180889129638672e-01 3.605748414993286133e-01
