3.841876685619354248e-01 3.638729751110076904e-01
3.781052827835083008e-01 3.566713035106658936e-01
3.761414289474487305e-01 3.675603270530700684e-01
3.812127113342285156e-01 3.494170606136322021e-01
3.793275356292724609e-01 3.716847300529479980e-01
4.138653874397277832e-01 3.356383442878723145e-01
4.159410595893859863e-01 3.719640970230102539e-01
4.655774235725402832e-01 3.216964602470397949e-01
4.676363170146942139e-01 3.742940425872802734e-01
5.333002805709838867e-01 3.249086141586303711e-01
4.729394316673278809e-01 3.637195527553558350e-01
5.351306200027465820e-01 3.363800644874572754e-01
5.365635156631469727e-01 3.664060235023498535e-01
6.110497117042541504e-01 3.526959419250488281e-01
6.100564002990722656e-01 3.727107644081115723e-01
7.278470993041992188e-01 3.602130115032196045e-01
7.248374223709106445e-01 3.730102777481079102e-01
