4.385257959365844727e-01 3.306942284107208252e-01
4.356613159179687500e-01 3.255790174007415771e-01
4.366801679134368896e-01 3.342509269714355469e-01
4.389002323150634766e-01 3.171587586402893066e-01
4.392719864845275879e-01 3.374178111553192139e-01
4.632007479667663574e-01 3.117685914039611816e-01
4.623935222625732422e-01 3.402949273586273193e-01
5.148030519485473633e-01 3.077564239501953125e-01
5.188969373703002930e-01 3.532280623912811279e-01
5.469167232513427734e-01 3.169526457786560059e-01
5.656734704971313477e-01 3.627999424934387207e-01
5.624678730964660645e-01 3.154419064521789551e-01
5.663534998893737793e-01 3.425140380859375000e-01
6.280399560928344727e-01 3.270648717880249023e-01
6.252973079681396484e-01 3.546208739280700684e-01
6.975930929183959961e-01 3.370839059352874756e-01
6.750640869140625000e-01 3.522857427597045898e-01
