3.173732161521911621e-01 2.216834723949432373e-01
3.113631904125213623e-01 2.244129776954650879e-01
3.119853138923645020e-01 2.195634692907333374e-01
3.131164908409118652e-01 2.238023877143859863e-01
3.059220612049102783e-01 2.134778797626495361e-01
3.503963649272918701e-01 2.241474390029907227e-01
3.509617447853088379e-01 1.904294341802597046e-01
3.702561259269714355e-01 2.436989247798919678e-01
3.792365491390228271e-01 1.696390509605407715e-01
3.468868136405944824e-01 3.374242186546325684e-01
3.566534519195556641e-01 1.616025418043136597e-01
4.823209047317504883e-01 2.146946638822555542e-01
4.840351939201354980e-01 1.830613613128662109e-01
5.755281448364257812e-01 2.143885493278503418e-01
5.693716406822204590e-01 1.752794384956359863e-01
6.984497308731079102e-01 2.152787148952484131e-01
6.912302374839782715e-01 1.607291251420974731e-01
