4.602979123592376709e-01 5.909365415573120117e-01
4.574154019355773926e-01 5.903383493423461914e-01
4.544140100479125977e-01 5.939832925796508789e-01
4.595289230346679688e-01 5.958805680274963379e-01
4.553503692150115967e-01 6.036338210105895996e-01
4.957932233810424805e-01 5.942005515098571777e-01
4.927266240119934082e-01 6.128959059715270996e-01
5.378985404968261719e-01 5.819708108901977539e-01
5.383023023605346680e-01 6.167319416999816895e-01
5.629248619079589844e-01 5.881302356719970703e-01
5.578593015670776367e-01 5.978870987892150879e-01
5.826438069343566895e-01 5.844960212707519531e-01
5.823047161102294922e-01 6.068912744522094727e-01
6.522693634033203125e-01 5.775287151336669922e-01
6.479823589324951172e-01 5.977632999420166016e-01
7.294889688491821289e-01 5.656131505966186523e-01
7.296347022056579590e-01 5.776206254959106445e-01
