4.624090194702148438e-01 4.280145764350891113e-01
4.625376164913177490e-01 4.287976622581481934e-01
4.632548987865447998e-01 4.261201024055480957e-01
4.579281806945800781e-01 4.299662709236145020e-01
4.630731046199798584e-01 4.237543344497680664e-01
4.786574244499206543e-01 4.338805079460144043e-01
4.851958751678466797e-01 4.327714145183563232e-01
4.989424645900726318e-01 4.406537413597106934e-01
5.008678436279296875e-01 4.331349134445190430e-01
5.221368074417114258e-01 4.368865191936492920e-01
5.226730108261108398e-01 4.310091435909271240e-01
5.234174132347106934e-01 4.401280879974365234e-01
5.270673036575317383e-01 4.373026490211486816e-01
5.575103759765625000e-01 4.396807849407196045e-01
5.584328770637512207e-01 4.414018094539642334e-01
5.898940563201904297e-01 4.391326308250427246e-01
5.857924222946166992e-01 4.459123015403747559e-01
