5.418845415115356445e-01 4.508050680160522461e-01
5.385246872901916504e-01 4.512627720832824707e-01
5.389069914817810059e-01 4.519501328468322754e-01
5.383658409118652344e-01 4.524790942668914795e-01
5.379249453544616699e-01 4.541891217231750488e-01
5.569100975990295410e-01 4.571785330772399902e-01
5.536988973617553711e-01 4.566207826137542725e-01
5.772492885589599609e-01 4.654494524002075195e-01
5.774060487747192383e-01 4.640587568283081055e-01
5.938956141471862793e-01 4.637795686721801758e-01
5.912111401557922363e-01 4.625285863876342773e-01
5.944793224334716797e-01 4.564744234085083008e-01
5.955357551574707031e-01 4.631155133247375488e-01
6.261048316955566406e-01 4.600399136543273926e-01
6.244183778762817383e-01 4.582391381263732910e-01
6.575962305068969727e-01 4.591781497001647949e-01
6.463401317596435547e-01 4.626983106136322021e-01
