4.988628029823303223e-01 6.409871578216552734e-01
4.945656657218933105e-01 6.445006728172302246e-01
4.936138391494750977e-01 6.385033130645751953e-01
4.958307743072509766e-01 6.485705375671386719e-01
4.945308864116668701e-01 6.345915794372558594e-01
5.101827979087829590e-01 6.456209421157836914e-01
5.117647647857666016e-01 6.295840740203857422e-01
5.271197557449340820e-01 6.471877098083496094e-01
5.296149849891662598e-01 6.270089149475097656e-01
5.336478948593139648e-01 6.409094333648681641e-01
5.370902419090270996e-01 6.264406442642211914e-01
5.391259789466857910e-01 6.300565600395202637e-01
5.420894026756286621e-01 6.222422122955322266e-01
5.501721501350402832e-01 6.277373433113098145e-01
5.240750312805175781e-01 5.331740975379943848e-01
5.620601177215576172e-01 6.296157836914062500e-01
5.658305883407592773e-01 6.245890259742736816e-01
