1.162920743227005005e-01 2.816053628921508789e-01
1.041224226355552673e-01 2.913293838500976562e-01
1.015905365347862244e-01 2.805070579051971436e-01
1.086207330226898193e-01 2.896028161048889160e-01
1.015409678220748901e-01 2.647787034511566162e-01
1.564140170812606812e-01 2.891954481601715088e-01
1.551606953144073486e-01 2.377628982067108154e-01
2.365600466728210449e-01 2.988048195838928223e-01
2.371382415294647217e-01 2.187843918800354004e-01
3.027190566062927246e-01 2.960323095321655273e-01
3.088346719741821289e-01 2.425966113805770874e-01
2.947847247123718262e-01 2.535146474838256836e-01
2.988930344581604004e-01 2.150064557790756226e-01
4.092502295970916748e-01 2.642084956169128418e-01
4.108006656169891357e-01 2.306596487760543823e-01
5.313299894332885742e-01 2.216293513774871826e-01
5.060083866119384766e-01 2.131717801094055176e-01
