3.951354026794433594e-01 3.527287840843200684e-01
3.892283141613006592e-01 3.577004373073577881e-01
3.890171647071838379e-01 3.550103604793548584e-01
3.907663524150848389e-01 3.488969802856445312e-01
3.890227973461151123e-01 3.432740569114685059e-01
4.284130036830902100e-01 3.491241335868835449e-01
4.299039840698242188e-01 3.373170793056488037e-01
4.735629260540008545e-01 3.568172454833984375e-01
4.706925749778747559e-01 3.362174630165100098e-01
4.850638806819915771e-01 3.463569879531860352e-01
5.083582401275634766e-01 3.222359418869018555e-01
5.395407676696777344e-01 3.418718576431274414e-01
5.408387184143066406e-01 3.368778824806213379e-01
6.122031211853027344e-01 3.478208482265472412e-01
6.111724376678466797e-01 3.459101319313049316e-01
6.924877166748046875e-01 3.485529422760009766e-01
6.909114122390747070e-01 3.441444337368011475e-01
