4.546329677104949951e-01 6.000429391860961914e-01
4.502218663692474365e-01 5.977073907852172852e-01
4.496644139289855957e-01 5.983726978302001953e-01
4.566153287887573242e-01 6.073011755943298340e-01
4.516670703887939453e-01 5.975711345672607422e-01
4.954764842987060547e-01 6.177228093147277832e-01
4.884843230247497559e-01 5.893467664718627930e-01
5.407427549362182617e-01 6.185868978500366211e-01
5.366635322570800781e-01 5.757642388343811035e-01
5.629329681396484375e-01 5.979155302047729492e-01
5.609909296035766602e-01 5.806244611740112305e-01
5.827314853668212891e-01 5.969616770744323730e-01
5.811659097671508789e-01 5.814514160156250000e-01
6.578824520111083984e-01 5.814589858055114746e-01
6.583465337753295898e-01 5.794088840484619141e-01
7.348150014877319336e-01 5.776917934417724609e-01
7.286860942840576172e-01 5.652213096618652344e-01
