4.085388183593750000e-01 4.503581523895263672e-01
4.033882617950439453e-01 4.531818330287933350e-01
4.018656909465789795e-01 4.468005299568176270e-01
4.067612290382385254e-01 4.561044871807098389e-01
4.040417373180389404e-01 4.400497674942016602e-01
4.510274827480316162e-01 4.602638483047485352e-01
4.528732895851135254e-01 4.244543015956878662e-01
4.972147345542907715e-01 4.640483260154724121e-01
5.056594610214233398e-01 3.967002034187316895e-01
4.973643720149993896e-01 4.716764092445373535e-01
5.343913435935974121e-01 4.102710485458374023e-01
5.877388119697570801e-01 4.308989048004150391e-01
5.889723300933837891e-01 4.137077927589416504e-01
6.843090057373046875e-01 4.218292236328125000e-01
6.842233538627624512e-01 4.062179923057556152e-01
7.671093940734863281e-01 4.146657884120941162e-01
7.689450979232788086e-01 4.040250182151794434e-01
