5.309777855873107910e-01 2.973922193050384521e-01
5.266742110252380371e-01 2.938286364078521729e-01
5.250228047370910645e-01 2.914609014987945557e-01
5.294171571731567383e-01 2.923535108566284180e-01
5.271710157394409180e-01 2.732363045215606689e-01
5.574926137924194336e-01 2.970165014266967773e-01
5.583713054656982422e-01 2.611080110073089600e-01
5.994850397109985352e-01 3.071290254592895508e-01
6.000806689262390137e-01 2.549236714839935303e-01
6.575665473937988281e-01 3.080604076385498047e-01
6.553678512573242188e-01 2.814374566078186035e-01
6.473354697227478027e-01 2.899475991725921631e-01
6.481262445449829102e-01 2.670653462409973145e-01
7.207984924316406250e-01 2.945407629013061523e-01
7.239968180656433105e-01 2.719584107398986816e-01
7.741782069206237793e-01 2.958962917327880859e-01
7.627924680709838867e-01 2.643858194351196289e-01
