5.071089267730712891e-01 4.711046814918518066e-01
4.997361898422241211e-01 4.710047841072082520e-01
5.015122890472412109e-01 4.689689874649047852e-01
5.009531974792480469e-01 4.734531641006469727e-01
5.035797357559204102e-01 4.612851142883300781e-01
5.263565778732299805e-01 4.716852307319641113e-01
5.362547636032104492e-01 4.347237050533294678e-01
5.718039870262145996e-01 4.733311831951141357e-01
5.714248418807983398e-01 4.283146560192108154e-01
6.025530099868774414e-01 4.671394228935241699e-01
6.165275573730468750e-01 4.376578330993652344e-01
6.289660930633544922e-01 4.634041786193847656e-01
6.283843517303466797e-01 4.354943931102752686e-01
6.925753951072692871e-01 4.546009898185729980e-01
6.954969167709350586e-01 4.318698048591613770e-01
7.680070400238037109e-01 4.358702301979064941e-01
7.773755788803100586e-01 4.208363890647888184e-01
