3.454086184501647949e-01 4.349607825279235840e-01
3.387467563152313232e-01 4.354624152183532715e-01
3.384651541709899902e-01 4.316180646419525146e-01
3.396782279014587402e-01 4.244756698608398438e-01
3.388256430625915527e-01 4.148680865764617920e-01
3.719421029090881348e-01 4.124866724014282227e-01
3.754808902740478516e-01 3.912285268306732178e-01
4.327311515808105469e-01 3.998882174491882324e-01
4.252659082412719727e-01 3.801535964012145996e-01
4.607463777065277100e-01 3.940943479537963867e-01
4.581179320812225342e-01 3.851594924926757812e-01
4.808489084243774414e-01 3.637458980083465576e-01
4.789938330650329590e-01 3.604950606822967529e-01
5.518895387649536133e-01 3.602052927017211914e-01
5.504103899002075195e-01 3.546515405178070068e-01
6.526925563812255859e-01 3.574857711791992188e-01
6.552894711494445801e-01 3.482496738433837891e-01
