3.700488805770874023e-01 3.742076754570007324e-01
3.629584908485412598e-01 3.704988360404968262e-01
3.655693233013153076e-01 3.717101514339447021e-01
3.639636635780334473e-01 3.559220731258392334e-01
3.678770959377288818e-01 3.585686683654785156e-01
3.990977704524993896e-01 3.508722782135009766e-01
4.059022367000579834e-01 3.506935238838195801e-01
4.555748701095581055e-01 3.658300042152404785e-01
4.536180198192596436e-01 3.726275563240051270e-01
4.638690352439880371e-01 4.172855615615844727e-01
4.684774577617645264e-01 4.033745229244232178e-01
5.164943933486938477e-01 3.518496751785278320e-01
5.192381143569946289e-01 3.514700531959533691e-01
6.051329374313354492e-01 3.562295436859130859e-01
6.075603961944580078e-01 3.635785281658172607e-01
6.922024488449096680e-01 3.947346806526184082e-01
6.913071870803833008e-01 3.936464190483093262e-01
