5.408445596694946289e-01 4.757740497589111328e-01
5.358109474182128906e-01 4.787597656250000000e-01
5.366309881210327148e-01 4.794325530529022217e-01
5.342733860015869141e-01 4.809833765029907227e-01
5.350983738899230957e-01 4.801490306854248047e-01
5.565761327743530273e-01 4.799174666404724121e-01
5.567114353179931641e-01 4.769454896450042725e-01
5.826197862625122070e-01 4.817979931831359863e-01
5.813865661621093750e-01 4.752731919288635254e-01
6.030688881874084473e-01 4.837417602539062500e-01
6.003256440162658691e-01 4.789057970046997070e-01
6.145929098129272461e-01 4.782211184501647949e-01
6.138292551040649414e-01 4.783572554588317871e-01
6.522593498229980469e-01 4.825164675712585449e-01
6.539721488952636719e-01 4.760036468505859375e-01
6.923429965972900391e-01 4.818193912506103516e-01
6.922437548637390137e-01 4.789139628410339355e-01
