7.793604582548141479e-02 3.731190562248229980e-01
6.812178343534469604e-02 3.746637701988220215e-01
6.498038768768310547e-02 3.634963035583496094e-01
6.682478636503219604e-02 3.544821143150329590e-01
6.005903333425521851e-02 3.388423919677734375e-01
1.122281551361083984e-01 3.311623036861419678e-01
1.069916635751724243e-01 2.996932864189147949e-01
1.969306915998458862e-01 3.463266491889953613e-01
1.896997988224029541e-01 3.149036169052124023e-01
2.448120415210723877e-01 3.583633303642272949e-01
2.765824794769287109e-01 2.828266620635986328e-01
2.633132338523864746e-01 2.837837636470794678e-01
2.603550553321838379e-01 2.561901807785034180e-01
3.422659337520599365e-01 2.748799324035644531e-01
3.441457450389862061e-01 2.540933191776275635e-01
4.215547740459442139e-01 2.357235550880432129e-01
4.236708283424377441e-01 2.347382754087448120e-01
