5.083128213882446289e-01 3.570096194744110107e-01
5.181754827499389648e-01 3.446608185768127441e-01
5.196058750152587891e-01 3.559467494487762451e-01
5.238349437713623047e-01 3.337982892990112305e-01
5.209558010101318359e-01 3.616828620433807373e-01
5.265280008316040039e-01 3.272573351860046387e-01
5.199230313301086426e-01 3.662969768047332764e-01
5.712423324584960938e-01 3.171584010124206543e-01
5.631646513938903809e-01 3.762483298778533936e-01
6.176295280456542969e-01 3.259980678558349609e-01
6.244492530822753906e-01 3.497577905654907227e-01
5.821463465690612793e-01 3.322981297969818115e-01
5.871626138687133789e-01 3.591520488262176514e-01
6.790472865104675293e-01 3.324848413467407227e-01
6.752520799636840820e-01 3.448133468627929688e-01
7.941639423370361328e-01 3.248364031314849854e-01
7.944278120994567871e-01 3.414152562618255615e-01
