5.089986324310302734e-01 3.315438628196716309e-01
4.950765967369079590e-01 3.350875377655029297e-01
4.989175796508789062e-01 3.309276700019836426e-01
5.099476575851440430e-01 3.373954296112060547e-01
4.977371394634246826e-01 3.233282864093780518e-01
5.342355966567993164e-01 3.179443180561065674e-01
5.364513397216796875e-01 3.046515285968780518e-01
5.812609791755676270e-01 3.024110794067382812e-01
5.751764774322509766e-01 2.843352556228637695e-01
6.132333278656005859e-01 2.963581979274749756e-01
6.125085949897766113e-01 2.864237427711486816e-01
6.239526271820068359e-01 2.695196270942687988e-01
6.250917911529541016e-01 2.602747082710266113e-01
6.834762096405029297e-01 2.628539204597473145e-01
6.857556700706481934e-01 2.534110546112060547e-01
7.847330570220947266e-01 2.769730091094970703e-01
7.878540754318237305e-01 2.755002379417419434e-01
