3.540271520614624023e-01 3.692883849143981934e-01
3.462643325328826904e-01 3.731811046600341797e-01
3.470708727836608887e-01 3.637496829032897949e-01
3.518110215663909912e-01 3.781495690345764160e-01
3.466550707817077637e-01 3.519435822963714600e-01
3.853599727153778076e-01 3.783712089061737061e-01
3.866725564002990723e-01 3.414959907531738281e-01
4.232691526412963867e-01 3.728488683700561523e-01
4.253628849983215332e-01 3.262783885002136230e-01
4.466356039047241211e-01 3.641708791255950928e-01
4.665806293487548828e-01 3.078280091285705566e-01
4.702491164207458496e-01 3.526682853698730469e-01
4.745627343654632568e-01 3.287965953350067139e-01
5.402653813362121582e-01 3.323273062705993652e-01
5.391695499420166016e-01 3.125515878200531006e-01
5.838834643363952637e-01 3.131321370601654053e-01
5.821872353553771973e-01 2.984300553798675537e-01
