4.481525123119354248e-01 2.853936553001403809e-01
4.413062930107116699e-01 2.875528335571289062e-01
4.390068650245666504e-01 2.788446545600891113e-01
4.496793150901794434e-01 2.970941662788391113e-01
4.453365504741668701e-01 2.673840522766113281e-01
4.944191575050354004e-01 3.071810901165008545e-01
4.941750168800354004e-01 2.600626945495605469e-01
5.514050722122192383e-01 3.103188276290893555e-01
5.450865030288696289e-01 2.440392225980758667e-01
6.110897064208984375e-01 3.127585649490356445e-01
5.902103185653686523e-01 2.343563139438629150e-01
6.031748056411743164e-01 2.978021204471588135e-01
6.058787703514099121e-01 2.634079158306121826e-01
6.918489336967468262e-01 3.061686158180236816e-01
6.933287382125854492e-01 2.683171629905700684e-01
7.861989736557006836e-01 2.961468398571014404e-01
7.863373160362243652e-01 2.751255631446838379e-01
