4.741813540458679199e-01 2.805001139640808105e-01
4.680901765823364258e-01 2.826711237430572510e-01
4.701455533504486084e-01 2.769165933132171631e-01
4.802267253398895264e-01 2.803501486778259277e-01
4.866378307342529297e-01 2.689529657363891602e-01
5.128148794174194336e-01 2.911982536315917969e-01
5.327194333076477051e-01 2.677007317543029785e-01
4.733782410621643066e-01 3.144695758819580078e-01
5.728105306625366211e-01 2.440824210643768311e-01
4.164137542247772217e-01 3.310937881469726562e-01
6.283414363861083984e-01 1.836368441581726074e-01
6.504963636398315430e-01 3.015523254871368408e-01
6.515831947326660156e-01 2.876901924610137939e-01
7.448428869247436523e-01 2.962236404418945312e-01
7.417866587638854980e-01 2.911020517349243164e-01
8.459264039993286133e-01 3.006105124950408936e-01
8.473400473594665527e-01 2.907589077949523926e-01
