3.305599689483642578e-01 3.670227527618408203e-01
3.268692791461944580e-01 3.791438937187194824e-01
3.254858255386352539e-01 3.674246072769165039e-01
3.304218649864196777e-01 3.916037678718566895e-01
3.281023204326629639e-01 3.548739850521087646e-01
3.728838562965393066e-01 3.980596959590911865e-01
3.729974627494812012e-01 3.332226276397705078e-01
3.957380056381225586e-01 4.136556088924407959e-01
4.143937826156616211e-01 3.272525668144226074e-01
3.884206414222717285e-01 4.175141751766204834e-01
3.802087903022766113e-01 3.556441962718963623e-01
5.059291720390319824e-01 3.584855496883392334e-01
5.102270245552062988e-01 3.180593848228454590e-01
6.320570111274719238e-01 3.337489366531372070e-01
6.293451786041259766e-01 2.977023422718048096e-01
7.632936239242553711e-01 2.695382833480834961e-01
7.561074495315551758e-01 2.567310333251953125e-01
