5.342108011245727539e-01 4.585491120815277100e-01
5.319771766662597656e-01 4.598395228385925293e-01
5.324310064315795898e-01 4.600644707679748535e-01
5.340503454208374023e-01 4.634757041931152344e-01
5.339925289154052734e-01 4.616738557815551758e-01
5.485042333602905273e-01 4.567695558071136475e-01
5.462816953659057617e-01 4.572771787643432617e-01
5.733532905578613281e-01 4.661802947521209717e-01
5.744305849075317383e-01 4.576357305049896240e-01
5.950148701667785645e-01 4.663660228252410889e-01
5.921402573585510254e-01 4.600261449813842773e-01
5.933331847190856934e-01 4.555070102214813232e-01
5.929015874862670898e-01 4.535629451274871826e-01
6.283405423164367676e-01 4.568020999431610107e-01
6.293774843215942383e-01 4.552438259124755859e-01
6.558958292007446289e-01 4.537119865417480469e-01
6.515212655067443848e-01 4.516035914421081543e-01
