5.089384913444519043e-01 1.685512438416481018e-02
5.029670000076293945e-01 2.245517075061798096e-02
5.008112192153930664e-01 9.463450871407985687e-03
5.026783943176269531e-01 2.324431762099266052e-02
4.994527995586395264e-01 1.082137925550341606e-03
5.496906638145446777e-01 4.755305498838424683e-02
5.530309677124023438e-01 9.360467083752155304e-03
6.008669734001159668e-01 7.946781069040298462e-02
6.019878387451171875e-01 3.709435835480690002e-02
6.061486005783081055e-01 7.521584630012512207e-02
6.029824614524841309e-01 4.393560439348220825e-02
6.958773136138916016e-01 5.080263316631317139e-02
6.923451423645019531e-01 1.091323047876358032e-02
7.883061170578002930e-01 8.252592384815216064e-02
7.833456993103027344e-01 3.104597888886928558e-02
8.955525755882263184e-01 1.327924728393554688e-01
8.965546488761901855e-01 1.310036182403564453e-01
