5.331735610961914062e-01 4.624984860420227051e-01
5.306295156478881836e-01 4.642765223979949951e-01
5.307205915451049805e-01 4.622660279273986816e-01
5.317883491516113281e-01 4.685009717941284180e-01
5.307832360267639160e-01 4.618198871612548828e-01
5.477859377861022949e-01 4.683924317359924316e-01
5.436432361602783203e-01 4.606892764568328857e-01
5.716918706893920898e-01 4.858603179454803467e-01
5.678582787513732910e-01 4.595783352851867676e-01
5.860592722892761230e-01 4.757090806961059570e-01
5.854905843734741211e-01 4.584793448448181152e-01
5.902986526489257812e-01 4.653104245662689209e-01
5.906018018722534180e-01 4.566985070705413818e-01
6.246604919433593750e-01 4.600203931331634521e-01
6.234949231147766113e-01 4.496717453002929688e-01
6.560672521591186523e-01 4.535002708435058594e-01
6.550986766815185547e-01 4.471417367458343506e-01
