5.045138001441955566e-01 3.814817667007446289e-01
4.996127784252166748e-01 3.824437856674194336e-01
4.996335208415985107e-01 3.770942687988281250e-01
5.020873546600341797e-01 3.827817440032958984e-01
4.991645216941833496e-01 3.698371052742004395e-01
5.288541316986083984e-01 3.940669298171997070e-01
5.297518968582153320e-01 3.619970083236694336e-01
5.639930367469787598e-01 4.140754938125610352e-01
5.747504234313964844e-01 3.424668014049530029e-01
6.071643233299255371e-01 4.445558786392211914e-01
6.019747257232666016e-01 3.592420518398284912e-01
6.216546297073364258e-01 3.955661058425903320e-01
6.249145269393920898e-01 3.638652265071868896e-01
6.851972937583923340e-01 3.802285194396972656e-01
6.888307929039001465e-01 3.534636199474334717e-01
7.907218337059020996e-01 3.817621171474456787e-01
7.939453125000000000e-01 3.656786084175109863e-01
