4.534783959388732910e-01 5.662192106246948242e-01
4.457181692123413086e-01 5.654810070991516113e-01
4.426494836807250977e-01 5.700264573097229004e-01
4.463034272193908691e-01 5.703277587890625000e-01
4.431010484695434570e-01 5.835806131362915039e-01
4.869479835033416748e-01 5.658632516860961914e-01
4.855446219444274902e-01 6.049748659133911133e-01
5.330518484115600586e-01 5.665057301521301270e-01
5.313909053802490234e-01 6.146612763404846191e-01
5.448267459869384766e-01 5.711732506752014160e-01
5.456112027168273926e-01 5.899152159690856934e-01
5.752162337303161621e-01 5.826022028923034668e-01
5.731745362281799316e-01 6.083632707595825195e-01
6.512082815170288086e-01 5.818963050842285156e-01
6.469308137893676758e-01 6.132797598838806152e-01
7.292908430099487305e-01 5.868716239929199219e-01
7.293983697891235352e-01 6.117563247680664062e-01
