3.001487851142883301e-01 3.442586064338684082e-01
2.986295223236083984e-01 3.367379903793334961e-01
2.979079484939575195e-01 3.317085802555084229e-01
3.092345893383026123e-01 3.213264346122741699e-01
3.082140088081359863e-01 3.144779801368713379e-01
3.050221204757690430e-01 3.495237529277801514e-01
3.106040358543395996e-01 3.414625525474548340e-01
4.471961855888366699e-01 3.090465366840362549e-01
4.477685689926147461e-01 2.934947907924652100e-01
5.476004481315612793e-01 3.046982884407043457e-01
5.464546680450439453e-01 2.992722392082214355e-01
4.273620247840881348e-01 3.676993548870086670e-01
4.310606420040130615e-01 3.419500589370727539e-01
5.747373104095458984e-01 6.036173105239868164e-01
5.523833036422729492e-01 4.249666929244995117e-01
5.464572906494140625e-01 7.765830755233764648e-01
6.728600859642028809e-01 2.877440452575683594e-01
