3.977791666984558105e-01 6.221801042556762695e-01
3.852187395095825195e-01 6.211728453636169434e-01
3.895157575607299805e-01 6.225831508636474609e-01
3.951369524002075195e-01 6.444551944732666016e-01
4.045290648937225342e-01 6.446864008903503418e-01
4.488396048545837402e-01 6.436321735382080078e-01
4.623030126094818115e-01 6.631057262420654297e-01
3.508945405483245850e-01 6.503757834434509277e-01
5.422443151473999023e-01 6.511015892028808594e-01
2.446618527173995972e-01 6.549444198608398438e-01
5.501824617385864258e-01 5.757083892822265625e-01
5.993973612785339355e-01 6.546676158905029297e-01
6.012261509895324707e-01 6.941289305686950684e-01
7.313274741172790527e-01 6.432234644889831543e-01
7.295838594436645508e-01 6.745440959930419922e-01
8.738612532615661621e-01 6.529930830001831055e-01
8.635139465332031250e-01 7.005372047424316406e-01
