4.147286415100097656e-01 6.292454004287719727e-01
4.051657617092132568e-01 6.383755803108215332e-01
4.065214097499847412e-01 6.274915933609008789e-01
4.171982705593109131e-01 6.535407900810241699e-01
4.163075685501098633e-01 6.320140361785888672e-01
4.548923969268798828e-01 6.613047719001770020e-01
4.722431302070617676e-01 6.286650896072387695e-01
3.762341737747192383e-01 6.586756706237792969e-01
5.457907915115356445e-01 5.970169901847839355e-01
3.169802129268646240e-01 6.462356448173522949e-01
5.461317896842956543e-01 5.737040042877197266e-01
6.177902221679687500e-01 6.479905247688293457e-01
6.209464073181152344e-01 6.318298578262329102e-01
7.533726096153259277e-01 6.049598455429077148e-01
7.523752450942993164e-01 6.264513134956359863e-01
8.919641971588134766e-01 5.900335907936096191e-01
8.928581476211547852e-01 6.282605528831481934e-01
