5.062934160232543945e-01 2.543534338474273682e-01
5.011098384857177734e-01 2.574870586395263672e-01
5.005616545677185059e-01 2.494783252477645874e-01
5.029292702674865723e-01 2.569068968296051025e-01
5.011073946952819824e-01 2.398042976856231689e-01
5.424717664718627930e-01 2.551043927669525146e-01
5.444853305816650391e-01 2.268176972866058350e-01
6.014761328697204590e-01 2.562920451164245605e-01
6.003147363662719727e-01 2.176396250724792480e-01
6.629556417465209961e-01 2.601688504219055176e-01
6.570397615432739258e-01 2.424086630344390869e-01
6.726430654525756836e-01 2.457215487957000732e-01
6.718889474868774414e-01 2.206000387668609619e-01
7.755168676376342773e-01 2.285964488983154297e-01
7.757746577262878418e-01 2.153677344322204590e-01
8.822165727615356445e-01 2.325278520584106445e-01
8.786029815673828125e-01 2.194668650627136230e-01
