5.530226230621337891e-01 2.478964179754257202e-01
5.456253290176391602e-01 2.502390742301940918e-01
5.470407605171203613e-01 2.441742122173309326e-01
5.500134825706481934e-01 2.595236301422119141e-01
5.514749288558959961e-01 2.483909726142883301e-01
5.973432064056396484e-01 2.682915925979614258e-01
5.985938310623168945e-01 2.466417253017425537e-01
6.734358668327331543e-01 2.792053222656250000e-01
6.680523753166198730e-01 2.411631643772125244e-01
7.162497043609619141e-01 2.703876495361328125e-01
6.944048404693603516e-01 2.356367707252502441e-01
7.277218103408813477e-01 2.897626161575317383e-01
7.304312586784362793e-01 2.787994146347045898e-01
8.278740644454956055e-01 3.107948899269104004e-01
8.294924497604370117e-01 2.944709062576293945e-01
9.383578300476074219e-01 3.352422714233398438e-01
9.362876415252685547e-01 3.217892348766326904e-01
