4.513561129570007324e-01 4.042632579803466797e-01
4.447486996650695801e-01 4.006152749061584473e-01
4.453526735305786133e-01 4.049946963787078857e-01
4.497004747390747070e-01 3.798364996910095215e-01
4.429742693901062012e-01 3.928444385528564453e-01
4.776550531387329102e-01 3.553749024868011475e-01
4.819786548614501953e-01 3.614010512828826904e-01
5.398396253585815430e-01 3.525049686431884766e-01
5.349979400634765625e-01 3.602717518806457520e-01
5.764107704162597656e-01 3.753275573253631592e-01
5.755785703659057617e-01 3.775587081909179688e-01
5.742244720458984375e-01 3.292757272720336914e-01
5.746456384658813477e-01 3.390755057334899902e-01
6.444798707962036133e-01 3.276613652706146240e-01
6.514981985092163086e-01 3.511944711208343506e-01
7.375304698944091797e-01 3.141593635082244873e-01
7.437533140182495117e-01 3.423324823379516602e-01
