3.632268607616424561e-01 3.083275258541107178e-01
3.587476015090942383e-01 3.095985352993011475e-01
3.606816530227661133e-01 3.074646890163421631e-01
3.585478663444519043e-01 3.117565512657165527e-01
3.598551154136657715e-01 3.034759163856506348e-01
3.792414665222167969e-01 3.208714127540588379e-01
3.778549134731292725e-01 3.055110871791839600e-01
3.972803056240081787e-01 3.234910368919372559e-01
3.986259102821350098e-01 2.904631495475769043e-01
4.157561659812927246e-01 3.244977891445159912e-01
4.094010293483734131e-01 3.021572530269622803e-01
4.231958389282226562e-01 3.175888657569885254e-01
4.281582832336425781e-01 2.998717427253723145e-01
4.450780153274536133e-01 3.234423995018005371e-01
4.551669061183929443e-01 2.997214198112487793e-01
4.943854808807373047e-01 3.234319686889648438e-01
4.937587380409240723e-01 3.177340030670166016e-01
