4.832316339015960693e-01 3.320251405239105225e-01
4.804326295852661133e-01 3.302441239356994629e-01
4.768006205558776855e-01 3.264067769050598145e-01
4.855600595474243164e-01 3.303455114364624023e-01
4.807189702987670898e-01 3.090988695621490479e-01
5.126539468765258789e-01 3.292970657348632812e-01
5.087869167327880859e-01 2.889305949211120605e-01
5.644946694374084473e-01 3.322978615760803223e-01
5.585861802101135254e-01 2.814588844776153564e-01
6.003741621971130371e-01 3.224167525768280029e-01
5.964555740356445312e-01 2.808935344219207764e-01
6.003000736236572266e-01 3.144724667072296143e-01
5.992145538330078125e-01 2.895137071609497070e-01
6.608159542083740234e-01 3.185015916824340820e-01
6.679855585098266602e-01 2.860548198223114014e-01
7.045052051544189453e-01 3.142418861389160156e-01
6.992306113243103027e-01 2.872831821441650391e-01
