4.980604052543640137e-01 2.771003842353820801e-01
4.923526644706726074e-01 2.835181653499603271e-01
4.915724992752075195e-01 2.700859606266021729e-01
4.989888668060302734e-01 2.926212549209594727e-01
4.977589845657348633e-01 2.629108428955078125e-01
5.290244221687316895e-01 3.066431879997253418e-01
5.396911501884460449e-01 2.562544345855712891e-01
5.610899329185485840e-01 3.475573658943176270e-01
5.730161070823669434e-01 2.314750999212265015e-01
5.593791007995605469e-01 3.848619163036346436e-01
5.836232900619506836e-01 2.285040020942687988e-01
6.455196142196655273e-01 2.959306240081787109e-01
6.460361480712890625e-01 2.629256546497344971e-01
7.459866404533386230e-01 2.898334860801696777e-01
7.492632865905761719e-01 2.677309513092041016e-01
8.219327330589294434e-01 2.929862737655639648e-01
8.334505558013916016e-01 2.542532682418823242e-01
