3.134268522262573242e-01 3.374223411083221436e-01
3.102019429206848145e-01 3.387838006019592285e-01
3.090866208076477051e-01 3.344590365886688232e-01
3.156425952911376953e-01 3.428069055080413818e-01
3.115857243537902832e-01 3.282317221164703369e-01
3.409738540649414062e-01 3.452592790126800537e-01
3.321812152862548828e-01 3.323555588722229004e-01
3.572017848491668701e-01 3.482701778411865234e-01
3.604353368282318115e-01 3.277744650840759277e-01
3.777513206005096436e-01 3.279441893100738525e-01
3.793523311614990234e-01 2.955583333969116211e-01
3.986484706401824951e-01 3.412961661815643311e-01
3.987525105476379395e-01 3.155198097229003906e-01
4.528084397315979004e-01 3.160744011402130127e-01
4.000321626663208008e-01 3.311760425567626953e-01
6.586509943008422852e-01 2.147222608327865601e-01
6.664856672286987305e-01 1.685135066509246826e-01
