5.977720618247985840e-01 2.985318899154663086e-01
5.938198566436767578e-01 2.947701215744018555e-01
5.886404514312744141e-01 3.034743964672088623e-01
5.937352180480957031e-01 2.882257997989654541e-01
5.890853404998779297e-01 3.085434436798095703e-01
6.143640279769897461e-01 2.749406099319458008e-01
6.153727769851684570e-01 3.009372353553771973e-01
6.604624390602111816e-01 2.584965825080871582e-01
6.617285013198852539e-01 2.911702096462249756e-01
6.935704946517944336e-01 2.441266775131225586e-01
6.857199668884277344e-01 2.818478345870971680e-01
7.007192373275756836e-01 2.572904229164123535e-01
7.030610442161560059e-01 2.799466848373413086e-01
7.447614669799804688e-01 2.507521212100982666e-01
7.556337714195251465e-01 2.888634502887725830e-01
8.459829688072204590e-01 2.669045031070709229e-01
8.516271114349365234e-01 2.829570174217224121e-01
