5.361037850379943848e-01 4.741801023483276367e-01
5.329947471618652344e-01 4.762143790721893311e-01
5.334188938140869141e-01 4.734751880168914795e-01
5.331779718399047852e-01 4.803754091262817383e-01
5.335788130760192871e-01 4.722406268119812012e-01
5.490111708641052246e-01 4.800794720649719238e-01
5.483443737030029297e-01 4.679288268089294434e-01
5.724900960922241211e-01 4.916203022003173828e-01
5.705817937850952148e-01 4.689842164516448975e-01
5.928737521171569824e-01 4.895550608634948730e-01
5.928992629051208496e-01 4.737942814826965332e-01
5.992025732994079590e-01 4.752356708049774170e-01
6.019974350929260254e-01 4.694303274154663086e-01
6.406627297401428223e-01 4.729488492012023926e-01
6.391968727111816406e-01 4.647037386894226074e-01
6.720106005668640137e-01 4.700763225555419922e-01
6.691424846649169922e-01 4.602147340774536133e-01
