4.702278971672058105e-01 5.415152907371520996e-01
4.663218259811401367e-01 5.439865589141845703e-01
4.671642184257507324e-01 5.381528735160827637e-01
4.655137658119201660e-01 5.510298609733581543e-01
4.659237563610076904e-01 5.379126071929931641e-01
4.896087646484375000e-01 5.544783473014831543e-01
4.881898760795593262e-01 5.378730297088623047e-01
5.042099952697753906e-01 5.593141317367553711e-01
5.059562921524047852e-01 5.405108928680419922e-01
5.282418131828308105e-01 5.598253607749938965e-01
5.202400088310241699e-01 5.418716669082641602e-01
5.304365158081054688e-01 5.550044178962707520e-01
5.310397148132324219e-01 5.428709387779235840e-01
5.592357516288757324e-01 5.544202923774719238e-01
5.577212572097778320e-01 5.400443077087402344e-01
6.159141659736633301e-01 5.606991648674011230e-01
6.118297576904296875e-01 5.584295392036437988e-01
