3.131959140300750732e-01 3.363040089607238770e-01
3.073605298995971680e-01 3.356848955154418945e-01
3.071490526199340820e-01 3.344430923461914062e-01
3.107651472091674805e-01 3.244768381118774414e-01
3.101361989974975586e-01 3.177708983421325684e-01
3.475235402584075928e-01 3.220094144344329834e-01
3.565599322319030762e-01 2.874569594860076904e-01
3.927487730979919434e-01 3.322425782680511475e-01
4.110629260540008545e-01 2.829602062702178955e-01
3.729303777217864990e-01 3.605828881263732910e-01
4.328339099884033203e-01 3.059035241603851318e-01
4.636473059654235840e-01 3.030853867530822754e-01
4.659665524959564209e-01 2.844786643981933594e-01
5.611733794212341309e-01 3.011488020420074463e-01
5.546379685401916504e-01 2.894933819770812988e-01
6.388840079307556152e-01 2.728683352470397949e-01
6.421000361442565918e-01 2.648528814315795898e-01
