3.178991973400115967e-01 3.204933404922485352e-01
3.103548586368560791e-01 3.195967674255371094e-01
3.124900758266448975e-01 3.228499591350555420e-01
3.217874765396118164e-01 2.925227284431457520e-01
3.210132718086242676e-01 3.075383305549621582e-01
3.550184667110443115e-01 2.723476886749267578e-01
3.601208925247192383e-01 2.852991819381713867e-01
3.324619531631469727e-01 2.897269129753112793e-01
3.275097608566284180e-01 3.268371522426605225e-01
2.963511347770690918e-01 3.238455057144165039e-01
3.082139492034912109e-01 3.441969156265258789e-01
4.916974306106567383e-01 2.600574493408203125e-01
4.913724064826965332e-01 2.744202911853790283e-01
5.737007856369018555e-01 2.569532394409179688e-01
5.813654661178588867e-01 2.736185789108276367e-01
6.588333249092102051e-01 2.330044507980346680e-01
6.571715474128723145e-01 2.495545446872711182e-01
