4.595935344696044922e-01 3.600454926490783691e-01
4.571005702018737793e-01 3.561572432518005371e-01
4.549680650234222412e-01 3.658747375011444092e-01
4.603404700756072998e-01 3.450270295143127441e-01
4.586075246334075928e-01 3.592637181282043457e-01
4.798898398876190186e-01 3.216961324214935303e-01
4.826881885528564453e-01 3.463644385337829590e-01
5.158841609954833984e-01 3.018259406089782715e-01
4.905260503292083740e-01 3.492681384086608887e-01
5.224055051803588867e-01 3.223959505558013916e-01
5.177547931671142578e-01 3.496640622615814209e-01
5.811355710029602051e-01 2.945516109466552734e-01
5.742431879043579102e-01 3.049427866935729980e-01
6.607834100723266602e-01 3.009061515331268311e-01
6.643304824829101562e-01 3.065629005432128906e-01
7.509477138519287109e-01 3.067010045051574707e-01
7.614333033561706543e-01 3.102301359176635742e-01
