4.579766988754272461e-01 3.863314986228942871e-01
4.539571702480316162e-01 3.835526406764984131e-01
4.631174206733703613e-01 3.829224705696105957e-01
4.555382728576660156e-01 3.839892745018005371e-01
4.573416113853454590e-01 3.832808732986450195e-01
4.912700653076171875e-01 3.718379437923431396e-01
4.841950535774230957e-01 3.668573796749114990e-01
5.238505005836486816e-01 3.787815570831298828e-01
4.971908032894134521e-01 3.659732043743133545e-01
5.192108750343322754e-01 4.067069888114929199e-01
5.165193080902099609e-01 4.048579633235931396e-01
5.863285064697265625e-01 3.511097431182861328e-01
5.852125883102416992e-01 3.330231904983520508e-01
6.803027987480163574e-01 3.432543873786926270e-01
6.857221126556396484e-01 3.284206092357635498e-01
7.892212867736816406e-01 3.392839133739471436e-01
7.927485704421997070e-01 3.204604089260101318e-01
