4.980580210685729980e-01 3.271874189376831055e-01
4.939000606536865234e-01 3.333829343318939209e-01
4.910594224929809570e-01 3.206757605075836182e-01
4.988006949424743652e-01 3.310871720314025879e-01
4.942742586135864258e-01 3.103168606758117676e-01
5.375700592994689941e-01 3.316686749458312988e-01
5.340508222579956055e-01 2.888404130935668945e-01
5.840645432472229004e-01 3.355877995491027832e-01
5.795526504516601562e-01 2.755450904369354248e-01
6.226121187210083008e-01 3.317394852638244629e-01
6.172789335250854492e-01 2.799869775772094727e-01
6.197089552879333496e-01 3.191904425621032715e-01
6.192327737808227539e-01 2.898330688476562500e-01
6.850184202194213867e-01 3.316704332828521729e-01
6.951724886894226074e-01 2.900341749191284180e-01
7.172957658767700195e-01 3.309719562530517578e-01
7.430169582366943359e-01 2.900639772415161133e-01
