4.927313923835754395e-01 2.886830568313598633e-01
4.868875145912170410e-01 2.880390882492065430e-01
4.849939048290252686e-01 2.814781665802001953e-01
4.948824644088745117e-01 2.958092391490936279e-01
4.910050332546234131e-01 2.675187587738037109e-01
5.310633778572082520e-01 3.114335238933563232e-01
5.362917184829711914e-01 2.529278993606567383e-01
5.502887964248657227e-01 3.287961483001708984e-01
5.814695358276367188e-01 2.239114344120025635e-01
5.219239592552185059e-01 3.993424773216247559e-01
5.509568452835083008e-01 2.269610166549682617e-01
6.531183123588562012e-01 2.855725586414337158e-01
6.504577398300170898e-01 2.456708997488021851e-01
7.446298599243164062e-01 2.714222371578216553e-01
7.433423995971679688e-01 2.488517761230468750e-01
8.480260372161865234e-01 2.580149173736572266e-01
8.684130907058715820e-01 2.210685461759567261e-01
