4.634574353694915771e-01 4.483166337013244629e-01
4.583717286586761475e-01 4.600056409835815430e-01
4.617534577846527100e-01 4.460548162460327148e-01
4.560320377349853516e-01 4.610977768898010254e-01
4.584645032882690430e-01 4.437908530235290527e-01
4.791797101497650146e-01 4.658832550048828125e-01
4.707883596420288086e-01 4.695419967174530029e-01
4.923301339149475098e-01 4.668854176998138428e-01
4.845899939537048340e-01 4.720737338066101074e-01
5.115323662757873535e-01 4.763066470623016357e-01
5.042045712471008301e-01 4.793941974639892578e-01
5.072565674781799316e-01 4.717473685741424561e-01
5.075950026512145996e-01 4.740282893180847168e-01
5.215021371841430664e-01 4.673397541046142578e-01
5.211271047592163086e-01 4.706122875213623047e-01
5.737448334693908691e-01 4.745063185691833496e-01
5.682280659675598145e-01 4.824273586273193359e-01
