5.084054470062255859e-01 2.863609194755554199e-01
5.046945214271545410e-01 2.848386466503143311e-01
5.039483308792114258e-01 2.779788076877593994e-01
5.174685716629028320e-01 2.886777818202972412e-01
5.165619850158691406e-01 2.680453658103942871e-01
5.450437664985656738e-01 3.045633435249328613e-01
5.638284087181091309e-01 2.548411190509796143e-01
5.322202444076538086e-01 3.524298071861267090e-01
6.099137067794799805e-01 2.432730197906494141e-01
5.036549568176269531e-01 3.919038474559783936e-01
5.465829968452453613e-01 2.512177228927612305e-01
6.922878623008728027e-01 3.006487488746643066e-01
6.952697038650512695e-01 2.636842131614685059e-01
8.049415946006774902e-01 2.972348928451538086e-01
8.085133433341979980e-01 2.616182565689086914e-01
9.071326255798339844e-01 2.808868885040283203e-01
9.085988998413085938e-01 2.500572502613067627e-01
