4.266590476036071777e-01 3.942161798477172852e-01
4.306895434856414795e-01 3.927893340587615967e-01
4.308458268642425537e-01 3.944065570831298828e-01
4.494836330413818359e-01 3.889876008033752441e-01
4.528623819351196289e-01 3.852551877498626709e-01
4.795862436294555664e-01 3.818190693855285645e-01
4.827452898025512695e-01 3.684476315975189209e-01
3.902383446693420410e-01 4.071742296218872070e-01
4.057344794273376465e-01 4.012815356254577637e-01
2.910205721855163574e-01 4.206534624099731445e-01
2.908701002597808838e-01 4.168673157691955566e-01
5.669451355934143066e-01 3.607824444770812988e-01
5.664274692535400391e-01 3.473805189132690430e-01
6.855485439300537109e-01 3.459303379058837891e-01
6.851201057434082031e-01 3.379151225090026855e-01
8.055096864700317383e-01 3.404191732406616211e-01
8.003804683685302734e-01 3.329479396343231201e-01
