4.873380362987518311e-01 2.715595662593841553e-01
4.800089001655578613e-01 2.764375507831573486e-01
4.807510077953338623e-01 2.715108692646026611e-01
4.819934368133544922e-01 2.805711627006530762e-01
4.822345674037933350e-01 2.725857794284820557e-01
5.160453319549560547e-01 2.709978520870208740e-01
5.164705514907836914e-01 2.495710700750350952e-01
5.601861476898193359e-01 2.662380039691925049e-01
5.619845390319824219e-01 2.351968884468078613e-01
6.256976723670959473e-01 2.717354297637939453e-01
6.230050325393676758e-01 2.488770782947540283e-01
6.289387941360473633e-01 2.358773052692413330e-01
6.289635300636291504e-01 2.288902252912521362e-01
7.229315638542175293e-01 2.141330540180206299e-01
7.236706018447875977e-01 2.224042415618896484e-01
8.256862163543701172e-01 1.863931417465209961e-01
7.866144180297851562e-01 2.063765823841094971e-01
