5.193983316421508789e-01 3.835307955741882324e-01
5.142845511436462402e-01 3.822293281555175781e-01
5.137335062026977539e-01 3.811458945274353027e-01
5.138905048370361328e-01 3.788909316062927246e-01
5.150442719459533691e-01 3.738435506820678711e-01
5.329030156135559082e-01 3.871503770351409912e-01
5.463895797729492188e-01 3.580415248870849609e-01
5.508511066436767578e-01 4.350587725639343262e-01
5.860720872879028320e-01 3.492048382759094238e-01
5.779546499252319336e-01 4.611857533454895020e-01
5.955419540405273438e-01 3.604158759117126465e-01
6.230298876762390137e-01 3.932100236415863037e-01
6.295465230941772461e-01 3.652296960353851318e-01
6.748239398002624512e-01 3.858370482921600342e-01
6.864280700683593750e-01 3.718492388725280762e-01
7.689754366874694824e-01 3.899626433849334717e-01
7.654019594192504883e-01 3.720316290855407715e-01
