4.774994552135467529e-01 2.805586159229278564e-01
4.697532355785369873e-01 2.797968983650207520e-01
4.726983010768890381e-01 2.773885428905487061e-01
4.827417135238647461e-01 2.771483957767486572e-01
4.886539578437805176e-01 2.701332271099090576e-01
5.162205696105957031e-01 2.865072190761566162e-01
5.343507528305053711e-01 2.696009278297424316e-01
4.702599644660949707e-01 3.087786436080932617e-01
5.764319896697998047e-01 2.433736622333526611e-01
4.420731663703918457e-01 3.156765401363372803e-01
6.284580826759338379e-01 1.840050518512725830e-01
6.518269777297973633e-01 2.993990182876586914e-01
6.530143618583679199e-01 2.889805138111114502e-01
7.425464987754821777e-01 2.967493534088134766e-01
7.397806644439697266e-01 2.935017943382263184e-01
8.470983505249023438e-01 2.982280552387237549e-01
8.486062288284301758e-01 2.917914986610412598e-01
