3.449392914772033691e-01 2.842357754707336426e-01
3.409554958343505859e-01 2.785890996456146240e-01
3.356241583824157715e-01 3.046585321426391602e-01
3.538752496242523193e-01 2.652746140956878662e-01
3.464967608451843262e-01 3.047488331794738770e-01
3.959317803382873535e-01 2.338676899671554565e-01
3.817574679851531982e-01 2.977783381938934326e-01
4.537628889083862305e-01 2.188328504562377930e-01
4.440295696258544922e-01 3.097676932811737061e-01
4.900403022766113281e-01 2.313075959682464600e-01
4.463174939155578613e-01 3.272182643413543701e-01
5.084922909736633301e-01 2.382680773735046387e-01
5.090843439102172852e-01 2.731244564056396484e-01
5.953510999679565430e-01 2.395883500576019287e-01
5.990104675292968750e-01 2.576810121536254883e-01
7.089698314666748047e-01 2.045936435461044312e-01
7.157787084579467773e-01 2.163115739822387695e-01
