3.923796415328979492e-01 6.044555902481079102e-01
3.784587979316711426e-01 6.115940809249877930e-01
3.815336823463439941e-01 6.088228225708007812e-01
3.912055492401123047e-01 6.315652132034301758e-01
3.959494829177856445e-01 6.318073272705078125e-01
4.423949420452117920e-01 6.368010640144348145e-01
4.586122035980224609e-01 6.598713994026184082e-01
3.234824538230895996e-01 6.324217319488525391e-01
5.099455714225769043e-01 6.650558710098266602e-01
2.309299707412719727e-01 6.047067046165466309e-01
5.511204004287719727e-01 5.867761373519897461e-01
6.037479639053344727e-01 6.578223109245300293e-01
6.077265739440917969e-01 6.966237425804138184e-01
7.257678508758544922e-01 6.505450606346130371e-01
7.206484675407409668e-01 6.879514455795288086e-01
8.616693019866943359e-01 6.652629971504211426e-01
8.464345335960388184e-01 7.190405130386352539e-01
