5.819478631019592285e-01 2.839261889457702637e-01
5.732064247131347656e-01 2.927824854850769043e-01
5.740805864334106445e-01 2.826958000659942627e-01
5.787077546119689941e-01 3.049493432044982910e-01
5.801714658737182617e-01 2.717692255973815918e-01
6.217473149299621582e-01 3.227853775024414062e-01
6.258708834648132324e-01 2.656204998493194580e-01
6.950337290763854980e-01 3.424550294876098633e-01
7.001183032989501953e-01 2.832861542701721191e-01
7.328670024871826172e-01 3.477467894554138184e-01
7.345739603042602539e-01 3.205517530441284180e-01
7.576087713241577148e-01 3.312646150588989258e-01
7.586411833763122559e-01 2.935308218002319336e-01
8.434140086174011230e-01 3.368553519248962402e-01
8.458830714225769043e-01 3.088778853416442871e-01
9.345792531967163086e-01 3.573822379112243652e-01
9.401280283927917480e-01 3.419282138347625732e-01
