3.912338614463806152e-01 2.885308563709259033e-01
3.857550024986267090e-01 2.827599942684173584e-01
3.872997164726257324e-01 2.847639918327331543e-01
3.989956378936767578e-01 2.736147642135620117e-01
4.003674387931823730e-01 2.750287353992462158e-01
4.408212602138519287e-01 2.713498473167419434e-01
4.427764117717742920e-01 2.706384062767028809e-01
3.909423053264617920e-01 2.828274965286254883e-01
3.911234140396118164e-01 2.769756317138671875e-01
3.510371446609497070e-01 2.979074716567993164e-01
3.593974709510803223e-01 2.868756055831909180e-01
5.755734443664550781e-01 2.808545827865600586e-01
5.816145539283752441e-01 2.780801951885223389e-01
6.803810000419616699e-01 2.868042886257171631e-01
6.813199520111083984e-01 2.771523594856262207e-01
7.671200037002563477e-01 2.549623250961303711e-01
7.707335948944091797e-01 2.467946857213973999e-01
