4.402309358119964600e-01 3.847559690475463867e-01
4.342027902603149414e-01 3.847864270210266113e-01
4.345085620880126953e-01 3.861593008041381836e-01
4.358528256416320801e-01 3.713470101356506348e-01
4.298095107078552246e-01 3.772753477096557617e-01
4.548248946666717529e-01 3.518440723419189453e-01
4.612879753112792969e-01 3.534525632858276367e-01
5.095230937004089355e-01 3.408630490303039551e-01
5.076853036880493164e-01 3.508445620536804199e-01
5.186350345611572266e-01 3.729711771011352539e-01
5.204480886459350586e-01 3.671857118606567383e-01
5.374323129653930664e-01 3.141617178916931152e-01
5.380951166152954102e-01 3.232392668724060059e-01
6.065916419029235840e-01 3.095430135726928711e-01
6.124182343482971191e-01 3.276380300521850586e-01
6.859663724899291992e-01 2.908350229263305664e-01
6.912786364555358887e-01 2.942030429840087891e-01
