3.872614502906799316e-01 7.725583314895629883e-01
3.810509443283081055e-01 7.718834877014160156e-01
3.824283778667449951e-01 7.755856513977050781e-01
3.797629773616790771e-01 7.740485072135925293e-01
3.805254101753234863e-01 7.811136245727539062e-01
4.137982130050659180e-01 7.769907712936401367e-01
4.121173620223999023e-01 7.881447672843933105e-01
4.571859836578369141e-01 7.754670381546020508e-01
4.529290795326232910e-01 7.975963354110717773e-01
4.867328405380249023e-01 7.692689895629882812e-01
4.770357310771942139e-01 7.893691062927246094e-01
4.917717874050140381e-01 7.840940356254577637e-01
4.905222356319427490e-01 7.951929569244384766e-01
5.507105588912963867e-01 7.763239741325378418e-01
5.529550313949584961e-01 7.955484390258789062e-01
6.067435741424560547e-01 7.883160114288330078e-01
6.089018583297729492e-01 8.041316866874694824e-01
