5.012237429618835449e-01 3.419407606124877930e-01
4.981302618980407715e-01 3.459613919258117676e-01
4.953000545501708984e-01 3.379853367805480957e-01
5.027569532394409180e-01 3.443112373352050781e-01
4.946811795234680176e-01 3.265587687492370605e-01
5.390779972076416016e-01 3.440493047237396240e-01
5.333030223846435547e-01 3.023310303688049316e-01
5.909970402717590332e-01 3.486079573631286621e-01
5.835201740264892578e-01 2.924237847328186035e-01
6.303333044052124023e-01 3.446329832077026367e-01
6.271511316299438477e-01 3.047583699226379395e-01
6.222842931747436523e-01 3.245368003845214844e-01
6.242276430130004883e-01 2.965959310531616211e-01
6.945869326591491699e-01 3.314297795295715332e-01
6.969944834709167480e-01 2.924744784832000732e-01
7.142295837402343750e-01 3.427860736846923828e-01
8.147141337394714355e-01 2.910805344581604004e-01
