4.831566810607910156e-01 2.221903949975967407e-02
4.766456782817840576e-01 2.538571879267692566e-02
4.758033156394958496e-01 1.993989571928977966e-02
4.815574586391448975e-01 2.447483502328395844e-02
4.782622456550598145e-01 6.370694376528263092e-03
5.243670940399169922e-01 4.370788484811782837e-02
5.324182510375976562e-01 1.475329231470823288e-02
5.808613896369934082e-01 6.868968158960342407e-02
5.789736509323120117e-01 4.382909089326858521e-02
5.864253044128417969e-01 6.623496860265731812e-02
5.856927037239074707e-01 5.348785221576690674e-02
6.728295683860778809e-01 4.415024071931838989e-02
6.703377962112426758e-01 1.639182120561599731e-02
7.700152397155761719e-01 7.287411391735076904e-02
7.483906745910644531e-01 3.049973398447036743e-02
8.945418596267700195e-01 1.184377521276473999e-01
8.953583240509033203e-01 1.143699288368225098e-01
