3.819136619567871094e-01 2.878850996494293213e-01
3.703567385673522949e-01 2.852101922035217285e-01
3.763707876205444336e-01 2.864032387733459473e-01
3.936969041824340820e-01 2.558673024177551270e-01
3.908549249172210693e-01 2.783885002136230469e-01
4.384807050228118896e-01 2.467452138662338257e-01
4.378845095634460449e-01 2.831996381282806396e-01
4.059228599071502686e-01 2.449971139430999756e-01
3.778928518295288086e-01 3.239449858665466309e-01
3.603545427322387695e-01 2.634047865867614746e-01
3.653254210948944092e-01 3.471336960792541504e-01
5.735412836074829102e-01 2.641910910606384277e-01
5.792155861854553223e-01 2.935643196105957031e-01
6.791591644287109375e-01 2.774094939231872559e-01
6.768450736999511719e-01 2.860515415668487549e-01
7.701134681701660156e-01 2.473015636205673218e-01
7.731768488883972168e-01 2.530448734760284424e-01
