3.497394919395446777e-01 4.212715327739715576e-01
3.472800850868225098e-01 4.215939939022064209e-01
3.472011089324951172e-01 4.228296875953674316e-01
3.478748500347137451e-01 4.070404171943664551e-01
3.455695807933807373e-01 4.094133079051971436e-01
3.777636885643005371e-01 3.797935247421264648e-01
3.835464417934417725e-01 3.926006257534027100e-01
4.291913509368896484e-01 3.799873590469360352e-01
4.324193000793457031e-01 3.897119164466857910e-01
4.626352488994598389e-01 3.960015177726745605e-01
4.690323770046234131e-01 3.974004685878753662e-01
4.761920869350433350e-01 3.453810214996337891e-01
4.792393147945404053e-01 3.597342967987060547e-01
5.423740148544311523e-01 3.593216836452484131e-01
5.475889444351196289e-01 3.703150153160095215e-01
6.506028771400451660e-01 3.628130853176116943e-01
6.601147651672363281e-01 3.703672885894775391e-01
