4.461463391780853271e-01 5.828390717506408691e-01
4.412351846694946289e-01 5.871313214302062988e-01
4.405111670494079590e-01 5.783018469810485840e-01
4.446893632411956787e-01 5.946177840232849121e-01
4.420964419841766357e-01 5.738496184349060059e-01
4.842643737792968750e-01 6.081786155700683594e-01
4.807785153388977051e-01 5.645495653152465820e-01
5.383558273315429688e-01 6.246747970581054688e-01
5.324034690856933594e-01 5.539441108703613281e-01
5.553148984909057617e-01 6.117257475852966309e-01
5.581582784652709961e-01 5.680015087127685547e-01
5.852848291397094727e-01 6.048478484153747559e-01
5.811516046524047852e-01 5.701299905776977539e-01
6.606320738792419434e-01 5.988962650299072266e-01
6.612638831138610840e-01 5.698089599609375000e-01
7.363115549087524414e-01 5.977131128311157227e-01
7.368431091308593750e-01 5.660893321037292480e-01
