3.909520804882049561e-01 2.886364459991455078e-01
3.860315978527069092e-01 2.898103594779968262e-01
3.856997191905975342e-01 2.889565825462341309e-01
3.901472091674804688e-01 2.958751320838928223e-01
3.870033025741577148e-01 2.935089468955993652e-01
4.297018051147460938e-01 2.972851991653442383e-01
4.290485382080078125e-01 2.977165877819061279e-01
4.790004193782806396e-01 2.932969331741333008e-01
4.752204418182373047e-01 3.176428675651550293e-01
5.262808203697204590e-01 3.072757124900817871e-01
5.210930109024047852e-01 3.135850131511688232e-01
5.370225906372070312e-01 2.950258851051330566e-01
5.375981330871582031e-01 3.173714876174926758e-01
6.187515258789062500e-01 2.986195683479309082e-01
6.200821399688720703e-01 3.218496441841125488e-01
7.222186923027038574e-01 2.978608608245849609e-01
7.200332880020141602e-01 3.277375698089599609e-01
