4.483494162559509277e-01 4.881519079208374023e-01
4.470070004463195801e-01 4.894240498542785645e-01
4.454420208930969238e-01 4.945586621761322021e-01
4.471701383590698242e-01 4.911649227142333984e-01
4.435246884822845459e-01 4.864877462387084961e-01
4.632300138473510742e-01 5.025460720062255859e-01
4.623881280422210693e-01 4.920842647552490234e-01
4.735663533210754395e-01 5.081173777580261230e-01
4.697668552398681641e-01 4.996083974838256836e-01
4.958289265632629395e-01 5.174294710159301758e-01
4.935776889324188232e-01 5.107576847076416016e-01
5.114814043045043945e-01 4.989390969276428223e-01
5.122007727622985840e-01 4.965976178646087646e-01
5.629538297653198242e-01 5.022212266921997070e-01
5.493896007537841797e-01 4.958410263061523438e-01
5.761824250221252441e-01 5.238459110260009766e-01
7.726414203643798828e-01 3.310806751251220703e-01
