3.332599401473999023e-01 3.572188019752502441e-01
3.302518725395202637e-01 3.526292443275451660e-01
3.304728567600250244e-01 3.589146733283996582e-01
3.279972672462463379e-01 3.353710770606994629e-01
3.268491625785827637e-01 3.495896458625793457e-01
3.582166135311126709e-01 3.313116431236267090e-01
3.579029440879821777e-01 3.453726172447204590e-01
4.127113819122314453e-01 3.289650380611419678e-01
4.081407785415649414e-01 3.434175848960876465e-01
4.448367357254028320e-01 3.568182587623596191e-01
4.475631713867187500e-01 3.556494414806365967e-01
4.745827913284301758e-01 3.205326497554779053e-01
4.675548970699310303e-01 3.249986171722412109e-01
5.744369029998779297e-01 2.949307262897491455e-01
5.751306414604187012e-01 3.041491508483886719e-01
6.517924070358276367e-01 3.335006237030029297e-01
6.457246541976928711e-01 3.327877521514892578e-01
