4.912360608577728271e-01 1.807366870343685150e-02
4.845176339149475098e-01 2.220654301345348358e-02
4.832217097282409668e-01 1.405914686620235443e-02
4.869362115859985352e-01 2.777962014079093933e-02
4.839314222335815430e-01 4.287225194275379181e-03
5.303751826286315918e-01 4.930838569998741150e-02
5.375737547874450684e-01 1.114362385123968124e-02
5.849134325981140137e-01 7.378496974706649780e-02
5.827480554580688477e-01 4.117281734943389893e-02
5.887525081634521484e-01 6.137511879205703735e-02
5.882203578948974609e-01 4.155261814594268799e-02
6.830107569694519043e-01 4.916336759924888611e-02
6.825503110885620117e-01 1.433353126049041748e-02
7.726525068283081055e-01 7.675589621067047119e-02
7.439562678337097168e-01 2.697235345840454102e-02
8.941058516502380371e-01 1.226780563592910767e-01
8.943099975585937500e-01 1.189516186714172363e-01
