5.717349052429199219e-01 2.743920087814331055e-01
5.645122528076171875e-01 2.710712552070617676e-01
5.640354752540588379e-01 2.662566900253295898e-01
5.693327784538269043e-01 2.733550667762756348e-01
5.717355012893676758e-01 2.487024962902069092e-01
6.101135611534118652e-01 2.840511500835418701e-01
6.197979450225830078e-01 2.498361468315124512e-01
6.724590659141540527e-01 3.091674149036407471e-01
6.810440421104431152e-01 2.695878446102142334e-01
7.215441465377807617e-01 3.281921744346618652e-01
7.264165282249450684e-01 3.004924952983856201e-01
7.398945689201354980e-01 3.090771436691284180e-01
7.442463636398315430e-01 2.818901538848876953e-01
8.329526185989379883e-01 3.241980373859405518e-01
8.375766277313232422e-01 2.972525954246520996e-01
9.421894550323486328e-01 3.521615266799926758e-01
9.420924186706542969e-01 3.267983794212341309e-01
