5.196387767791748047e-01 3.522527217864990234e-01
5.116455554962158203e-01 3.504181504249572754e-01
5.165270566940307617e-01 3.478761613368988037e-01
5.214527845382690430e-01 3.456352949142456055e-01
5.221672058105468750e-01 3.363489806652069092e-01
5.429025888442993164e-01 3.537040352821350098e-01
5.594376325607299805e-01 3.248262405395507812e-01
5.859912037849426270e-01 3.575822114944458008e-01
6.157890558242797852e-01 3.196332454681396484e-01
5.995783805847167969e-01 3.718271851539611816e-01
6.806909441947937012e-01 3.271496891975402832e-01
6.321821212768554688e-01 3.563518524169921875e-01
6.400874853134155273e-01 3.287244439125061035e-01
6.747087836265563965e-01 3.578133583068847656e-01
6.880993843078613281e-01 3.329099118709564209e-01
7.696151733398437500e-01 3.439575135707855225e-01
7.667551040649414062e-01 3.343908786773681641e-01
