4.744747877120971680e-01 5.589338541030883789e-01
4.718915820121765137e-01 5.581946372985839844e-01
4.720656871795654297e-01 5.570754408836364746e-01
4.737922549247741699e-01 5.613954067230224609e-01
4.745226800441741943e-01 5.555086135864257812e-01
4.848313033580780029e-01 5.646482706069946289e-01
4.926999807357788086e-01 5.616499185562133789e-01
4.998701810836791992e-01 5.746364593505859375e-01
5.029340982437133789e-01 5.622630715370178223e-01
5.214573144912719727e-01 5.743578672409057617e-01
5.189788341522216797e-01 5.701597929000854492e-01
5.257840752601623535e-01 5.690886974334716797e-01
5.282539129257202148e-01 5.622599124908447266e-01
5.553399324417114258e-01 5.692433118820190430e-01
5.551910400390625000e-01 5.640136599540710449e-01
5.898481607437133789e-01 5.699509382247924805e-01
5.883265137672424316e-01 5.638065934181213379e-01
