4.243040978908538818e-01 3.317466080188751221e-01
4.163665473461151123e-01 3.333388268947601318e-01
4.146065711975097656e-01 3.254672884941101074e-01
4.173088967800140381e-01 3.398503959178924561e-01
4.147880971431732178e-01 3.100800216197967529e-01
4.618951082229614258e-01 3.438278138637542725e-01
4.594910740852355957e-01 2.890132665634155273e-01
5.278654098510742188e-01 3.386448025703430176e-01
5.276348590850830078e-01 2.787970304489135742e-01
5.739001035690307617e-01 3.288310766220092773e-01
5.801657438278198242e-01 2.854768335819244385e-01
5.943222641944885254e-01 3.345642983913421631e-01
5.929641723632812500e-01 2.931300699710845947e-01
6.965783834457397461e-01 3.338776528835296631e-01
6.973601579666137695e-01 2.857893407344818115e-01
7.988672256469726562e-01 3.152372539043426514e-01
8.020670413970947266e-01 2.714257240295410156e-01
