4.760357737541198730e-01 5.874775648117065430e-01
4.752684235572814941e-01 5.969009995460510254e-01
4.723879992961883545e-01 5.859568119049072266e-01
4.796332120895385742e-01 6.023609638214111328e-01
4.747530221939086914e-01 5.770614743232727051e-01
5.060251951217651367e-01 6.132843494415283203e-01
5.045384168624877930e-01 5.618889927864074707e-01
5.556641817092895508e-01 6.193223595619201660e-01
5.487329363822937012e-01 5.486261248588562012e-01
5.705147981643676758e-01 6.000374555587768555e-01
5.736823678016662598e-01 5.562709569931030273e-01
5.982749462127685547e-01 5.945052504539489746e-01
5.951615571975708008e-01 5.591392517089843750e-01
6.571915745735168457e-01 5.776348114013671875e-01
6.608923673629760742e-01 5.508769750595092773e-01
7.433754205703735352e-01 5.526056885719299316e-01
7.462148070335388184e-01 5.360846519470214844e-01
