5.365470051765441895e-01 2.411447614431381226e-01
5.358183383941650391e-01 2.465461194515228271e-01
5.306512713432312012e-01 2.405998408794403076e-01
5.450408458709716797e-01 2.459566444158554077e-01
5.302361845970153809e-01 2.308035939931869507e-01
5.656383633613586426e-01 2.333052158355712891e-01
5.579370856285095215e-01 2.028887271881103516e-01
5.866171121597290039e-01 2.500479817390441895e-01
5.868913531303405762e-01 1.750507205724716187e-01
6.166727542877197266e-01 2.527568936347961426e-01
6.259583234786987305e-01 1.820743978023529053e-01
6.327429413795471191e-01 1.885418593883514404e-01
6.263833045959472656e-01 1.628586202859878540e-01
6.957671642303466797e-01 1.856485903263092041e-01
6.955611109733581543e-01 1.394756138324737549e-01
7.838332653045654297e-01 1.795524954795837402e-01
7.645757198333740234e-01 8.971351385116577148e-02
