5.113023519515991211e-01 3.521196246147155762e-01
5.066547393798828125e-01 3.590678572654724121e-01
4.985509812831878662e-01 3.516840934753417969e-01
5.096854567527770996e-01 3.589861989021301270e-01
4.966924190521240234e-01 3.345199227333068848e-01
5.435345172882080078e-01 3.467813134193420410e-01
5.327883958816528320e-01 2.998944818973541260e-01
5.956502556800842285e-01 3.385101556777954102e-01
5.966123342514038086e-01 2.764519453048706055e-01
6.795654296875000000e-01 3.605085015296936035e-01
6.534172296524047852e-01 3.008680045604705811e-01
6.411098241806030273e-01 2.885870933532714844e-01
6.395373344421386719e-01 2.532136440277099609e-01
7.401696443557739258e-01 3.033159375190734863e-01
7.374850511550903320e-01 2.247224748134613037e-01
8.531440496444702148e-01 2.999217510223388672e-01
8.325986266136169434e-01 1.944244354963302612e-01
