4.597767591476440430e-01 5.840828418731689453e-01
4.543163776397705078e-01 5.940915942192077637e-01
4.518363177776336670e-01 5.818535089492797852e-01
4.600975513458251953e-01 6.009262800216674805e-01
4.561119675636291504e-01 5.768277049064636230e-01
4.906955659389495850e-01 6.056795716285705566e-01
4.962663352489471436e-01 5.622205138206481934e-01
5.454141497611999512e-01 6.131633520126342773e-01
5.372030138969421387e-01 5.518106222152709961e-01
5.662781000137329102e-01 6.000477075576782227e-01
5.659208297729492188e-01 5.575061440467834473e-01
5.939818620681762695e-01 5.926173329353332520e-01
5.904143452644348145e-01 5.603044033050537109e-01
6.729643344879150391e-01 5.755689144134521484e-01
6.741108298301696777e-01 5.595700144767761230e-01
7.450311183929443359e-01 5.650091767311096191e-01
7.405573129653930664e-01 5.380441546440124512e-01
