4.017444550991058350e-01 4.387432932853698730e-01
3.986536860466003418e-01 4.413499832153320312e-01
3.966979980468750000e-01 4.415877461433410645e-01
4.058977961540222168e-01 4.353281855583190918e-01
3.850124776363372803e-01 4.388073682785034180e-01
4.311106204986572266e-01 4.161851406097412109e-01
4.232231378555297852e-01 4.077724814414978027e-01
4.525501430034637451e-01 4.137763679027557373e-01
4.452261328697204590e-01 4.036326408386230469e-01
4.607254862785339355e-01 4.203498363494873047e-01
4.295552372932434082e-01 4.267047047615051270e-01
5.477572679519653320e-01 3.664017319679260254e-01
5.436003208160400391e-01 3.373332619667053223e-01
6.625815629959106445e-01 3.476558327674865723e-01
6.617600917816162109e-01 3.218964338302612305e-01
7.765256762504577637e-01 3.405600190162658691e-01
7.767125368118286133e-01 3.180443644523620605e-01
