4.966778457164764404e-01 4.826110601425170898e-01
4.947124719619750977e-01 4.834059476852416992e-01
4.943835139274597168e-01 4.824999272823333740e-01
4.957742393016815186e-01 4.843994081020355225e-01
4.916035830974578857e-01 4.832369089126586914e-01
5.094731450080871582e-01 4.844140708446502686e-01
5.190488696098327637e-01 4.551456570625305176e-01
5.289663076400756836e-01 4.788319468498229980e-01
5.361007452011108398e-01 4.536082744598388672e-01
5.185577869415283203e-01 4.768247306346893311e-01
5.190445780754089355e-01 4.646690785884857178e-01
6.018753647804260254e-01 4.599545896053314209e-01
6.212323904037475586e-01 4.384324252605438232e-01
6.766027212142944336e-01 4.355381429195404053e-01
6.767350435256958008e-01 4.167537689208984375e-01
6.630403995513916016e-01 4.582276046276092529e-01
7.646648287773132324e-01 3.983080387115478516e-01
