4.764235615730285645e-01 2.846045196056365967e-01
4.704507589340209961e-01 2.791214585304260254e-01
4.680967330932617188e-01 2.911792397499084473e-01
4.770526885986328125e-01 2.757093906402587891e-01
4.750034809112548828e-01 2.982966303825378418e-01
5.246779918670654297e-01 2.658879160881042480e-01
5.197628140449523926e-01 3.062359690666198730e-01
5.795829892158508301e-01 2.403883337974548340e-01
5.650868415832519531e-01 3.302201032638549805e-01
6.189362406730651855e-01 2.336252331733703613e-01
6.363044977188110352e-01 3.135722279548645020e-01
6.409450769424438477e-01 2.763876914978027344e-01
6.390592455863952637e-01 3.155077695846557617e-01
7.303719520568847656e-01 2.850239276885986328e-01
7.286459803581237793e-01 3.198541998863220215e-01
8.444982767105102539e-01 2.990338504314422607e-01
8.401860594749450684e-01 3.243094086647033691e-01
