3.920601308345794678e-01 6.226483583450317383e-01
3.770819902420043945e-01 6.260790824890136719e-01
3.833173513412475586e-01 6.210721135139465332e-01
3.916630744934082031e-01 6.416711211204528809e-01
3.942571580410003662e-01 6.226341724395751953e-01
4.244490861892700195e-01 6.509200930595397949e-01
4.665139913558959961e-01 6.333489418029785156e-01
3.296909332275390625e-01 6.426835060119628906e-01
5.372545719146728516e-01 6.142472624778747559e-01
2.330104559659957886e-01 6.185139417648315430e-01
5.460036396980285645e-01 5.780002474784851074e-01
6.010892391204833984e-01 6.570091843605041504e-01
6.059976220130920410e-01 6.580789089202880859e-01
7.235882282257080078e-01 6.466919183731079102e-01
7.276444435119628906e-01 6.657710075378417969e-01
8.647016882896423340e-01 6.627451777458190918e-01
8.585345745086669922e-01 6.875678896903991699e-01
