3.624226748943328857e-01 4.001408517360687256e-01
3.486246764659881592e-01 4.007321298122406006e-01
3.501499295234680176e-01 4.009489715099334717e-01
3.591633439064025879e-01 3.882284760475158691e-01
3.602464795112609863e-01 3.887349367141723633e-01
4.041301906108856201e-01 3.724030256271362305e-01
4.080861508846282959e-01 3.753122985363006592e-01
3.786327242851257324e-01 4.061752259731292725e-01
3.782077431678771973e-01 4.134073853492736816e-01
3.092987835407257080e-01 4.396735429763793945e-01
3.117606937885284424e-01 4.254089295864105225e-01
5.281890630722045898e-01 3.504492640495300293e-01
5.296434760093688965e-01 3.573576211929321289e-01
6.272521018981933594e-01 3.604254126548767090e-01
6.258781552314758301e-01 3.723124265670776367e-01
7.372765541076660156e-01 3.748374879360198975e-01
7.362710833549499512e-01 3.861773908138275146e-01
