2.526013255119323730e-01 2.588672637939453125e-01
2.498550266027450562e-01 2.641398310661315918e-01
2.505741119384765625e-01 2.471804916858673096e-01
2.571132779121398926e-01 2.702938914299011230e-01
2.579409480094909668e-01 2.377858608961105347e-01
2.895948886871337891e-01 2.832189500331878662e-01
2.790881395339965820e-01 2.161369025707244873e-01
3.184475600719451904e-01 3.223385214805603027e-01
3.012682795524597168e-01 1.809383630752563477e-01
3.315094113349914551e-01 3.500085771083831787e-01
3.263755440711975098e-01 1.798671334981918335e-01
3.954637050628662109e-01 2.507310211658477783e-01
3.831612765789031982e-01 1.989646852016448975e-01
4.693824648857116699e-01 2.462942600250244141e-01
4.744939506053924561e-01 1.920749843120574951e-01
5.604598522186279297e-01 2.138058990240097046e-01
5.754216313362121582e-01 1.680477559566497803e-01
