5.804834365844726562e-01 3.234743475914001465e-01
5.839415192604064941e-01 3.226430416107177734e-01
5.836037397384643555e-01 3.204070031642913818e-01
5.867425203323364258e-01 3.292780518531799316e-01
5.851850509643554688e-01 3.207117915153503418e-01
6.120067834854125977e-01 3.332419991493225098e-01
6.044595837593078613e-01 3.127172887325286865e-01
6.461686491966247559e-01 3.345416188240051270e-01
6.451742053031921387e-01 2.986157834529876709e-01
6.948780417442321777e-01 3.091877400875091553e-01
6.951757669448852539e-01 2.768753170967102051e-01
6.919466853141784668e-01 3.182148337364196777e-01
6.934059858322143555e-01 2.989121079444885254e-01
7.557827234268188477e-01 3.119175136089324951e-01
7.546696662902832031e-01 3.014809191226959229e-01
8.658756613731384277e-01 3.336395025253295898e-01
8.647524714469909668e-01 3.244776725769042969e-01
