4.515371322631835938e-01 4.724087119102478027e-01
4.460563063621520996e-01 4.747084379196166992e-01
4.465975165367126465e-01 4.688988924026489258e-01
4.481365382671356201e-01 4.774678945541381836e-01
4.491570591926574707e-01 4.655631184577941895e-01
4.747946858406066895e-01 4.854012727737426758e-01
4.759010076522827148e-01 4.755288362503051758e-01
5.054781436920166016e-01 4.975326955318450928e-01
5.075473785400390625e-01 4.826748967170715332e-01
5.299088954925537109e-01 4.932836294174194336e-01
5.292360186576843262e-01 4.867942333221435547e-01
5.299941301345825195e-01 4.932600259780883789e-01
5.310273766517639160e-01 4.861225485801696777e-01
5.649648904800415039e-01 4.884715080261230469e-01
5.649375915527343750e-01 4.840332269668579102e-01
6.091312170028686523e-01 4.862680137157440186e-01
6.077693700790405273e-01 4.874061942100524902e-01
