4.000400006771087646e-01 6.246848106384277344e-01
3.898292779922485352e-01 6.306464672088623047e-01
3.925972580909729004e-01 6.305629611015319824e-01
4.041958451271057129e-01 6.468918323516845703e-01
4.078758358955383301e-01 6.485492587089538574e-01
4.576115608215332031e-01 6.408193111419677734e-01
4.517871141433715820e-01 6.661843061447143555e-01
3.361231088638305664e-01 6.638851761817932129e-01
5.187691450119018555e-01 6.660757064819335938e-01
5.509623289108276367e-01 5.769551992416381836e-01
2.671893537044525146e-01 6.934494376182556152e-01
6.010316014289855957e-01 6.489086151123046875e-01
5.987383127212524414e-01 6.942384243011474609e-01
7.347360849380493164e-01 6.406927704811096191e-01
7.296141386032104492e-01 6.783031821250915527e-01
8.750269412994384766e-01 6.535092592239379883e-01
8.641146421432495117e-01 7.002450227737426758e-01
