4.515427947044372559e-01 3.773272931575775146e-01
4.494545161724090576e-01 3.740897774696350098e-01
4.491916298866271973e-01 3.806719779968261719e-01
4.526948332786560059e-01 3.664688467979431152e-01
4.550495147705078125e-01 3.836771249771118164e-01
4.790681302547454834e-01 3.558503389358520508e-01
4.796114563941955566e-01 3.893020153045654297e-01
5.196559429168701172e-01 3.474546372890472412e-01
5.237311124801635742e-01 3.999773263931274414e-01
5.403147935867309570e-01 3.707239031791687012e-01
5.707410573959350586e-01 4.150969684123992920e-01
5.638200044631958008e-01 3.638580441474914551e-01
5.644744634628295898e-01 3.985523581504821777e-01
6.167265176773071289e-01 3.738939464092254639e-01
6.174649000167846680e-01 4.122357368469238281e-01
6.710582971572875977e-01 3.982317447662353516e-01
6.708483099937438965e-01 4.245745837688446045e-01
