4.331083297729492188e-01 4.121763706207275391e-01
4.327119290828704834e-01 4.094296097755432129e-01
4.306813478469848633e-01 4.154632687568664551e-01
4.367213249206542969e-01 4.124393165111541748e-01
4.364025294780731201e-01 4.050227999687194824e-01
4.716121852397918701e-01 3.808875679969787598e-01
4.632480144500732422e-01 3.747474551200866699e-01
5.070632100105285645e-01 3.900364339351654053e-01
4.988801181316375732e-01 3.620679974555969238e-01
5.316896438598632812e-01 3.993768692016601562e-01
5.351669788360595703e-01 3.791886270046234131e-01
5.622878074645996094e-01 3.503555655479431152e-01
5.518468022346496582e-01 3.306592404842376709e-01
6.550492644309997559e-01 3.359140753746032715e-01
6.615957617759704590e-01 3.269658386707305908e-01
7.685290575027465820e-01 3.276821672916412354e-01
7.744596004486083984e-01 3.175681829452514648e-01
