3.520236611366271973e-01 4.345357120037078857e-01
3.483690023422241211e-01 4.342444539070129395e-01
3.471531271934509277e-01 4.326227903366088867e-01
3.486887812614440918e-01 4.256742894649505615e-01
3.442792296409606934e-01 4.160971343517303467e-01
3.804477453231811523e-01 4.101078510284423828e-01
3.758445680141448975e-01 3.864079713821411133e-01
4.329441189765930176e-01 4.010728001594543457e-01
4.281841516494750977e-01 3.696922063827514648e-01
4.635184705257415771e-01 4.175606667995452881e-01
4.617668092250823975e-01 4.026693701744079590e-01
4.800053536891937256e-01 3.571730256080627441e-01
4.739421606063842773e-01 3.440507650375366211e-01
5.515716075897216797e-01 3.594275414943695068e-01
5.488628745079040527e-01 3.395280241966247559e-01
6.673581600189208984e-01 3.720808029174804688e-01
6.174916625022888184e-01 2.731374502182006836e-01
