4.455845355987548828e-01 4.859710335731506348e-01
4.400089681148529053e-01 4.893899559974670410e-01
4.404161572456359863e-01 4.844216704368591309e-01
4.381295442581176758e-01 4.885107874870300293e-01
4.339415729045867920e-01 4.758838117122650146e-01
4.639240205287933350e-01 4.799677729606628418e-01
4.639232754707336426e-01 4.611259102821350098e-01
4.963343739509582520e-01 4.711658954620361328e-01
4.981752038002014160e-01 4.420850872993469238e-01
4.978027343750000000e-01 4.781548380851745605e-01
4.958106875419616699e-01 4.658305644989013672e-01
5.443305969238281250e-01 4.411231279373168945e-01
5.431495904922485352e-01 4.341968297958374023e-01
6.030161380767822266e-01 4.280260801315307617e-01
6.053329706192016602e-01 4.276305437088012695e-01
6.600123643875122070e-01 4.117595851421356201e-01
6.598123311996459961e-01 4.081863760948181152e-01
