5.124266743659973145e-01 2.948381006717681885e-01
4.985202550888061523e-01 2.943859994411468506e-01
5.118613839149475098e-01 2.969054877758026123e-01
5.036318302154541016e-01 2.865978777408599854e-01
5.025057792663574219e-01 2.915689349174499512e-01
5.104085803031921387e-01 2.891537845134735107e-01
5.168209075927734375e-01 2.889801263809204102e-01
4.718336760997772217e-01 3.023380041122436523e-01
5.238788723945617676e-01 2.927812039852142334e-01
4.269614815711975098e-01 3.020157217979431152e-01
6.141616106033325195e-01 2.844142019748687744e-01
5.910591483116149902e-01 2.571597695350646973e-01
5.947618484497070312e-01 2.611895799636840820e-01
7.111088633537292480e-01 2.260349988937377930e-01
7.149376869201660156e-01 2.421075552701950073e-01
8.155534267425537109e-01 2.187670916318893433e-01
8.172475099563598633e-01 2.180018126964569092e-01
