4.593213498592376709e-01 4.729062020778656006e-01
4.559605121612548828e-01 4.770365357398986816e-01
4.555798172950744629e-01 4.727236628532409668e-01
4.512651860713958740e-01 4.797403216361999512e-01
4.545407295227050781e-01 4.698474109172821045e-01
4.708045721054077148e-01 4.890758693218231201e-01
4.761371314525604248e-01 4.749802947044372559e-01
4.878449440002441406e-01 4.938625991344451904e-01
4.882561564445495605e-01 4.799692332744598389e-01
5.121219754219055176e-01 4.905504882335662842e-01
5.049499273300170898e-01 4.835685193538665771e-01
5.172513127326965332e-01 4.889795780181884766e-01
5.184065699577331543e-01 4.821382462978363037e-01
5.385837554931640625e-01 4.887927770614624023e-01
5.381664037704467773e-01 4.853720664978027344e-01
5.750910043716430664e-01 4.889996647834777832e-01
5.715014338493347168e-01 4.849682748317718506e-01
