3.493292331695556641e-01 3.351084887981414795e-01
3.411602377891540527e-01 3.364522159099578857e-01
3.420607745647430420e-01 3.365554809570312500e-01
3.370264768600463867e-01 3.441744446754455566e-01
3.376968801021575928e-01 3.423047661781311035e-01
3.755688667297363281e-01 3.546398878097534180e-01
3.719285726547241211e-01 3.469713330268859863e-01
4.363635778427124023e-01 3.503282964229583740e-01
4.201588034629821777e-01 3.365994691848754883e-01
4.149037599563598633e-01 3.442283570766448975e-01
3.721147179603576660e-01 3.166965246200561523e-01
5.163509845733642578e-01 3.415960967540740967e-01
5.184613466262817383e-01 3.375823199748992920e-01
6.185455322265625000e-01 3.235586285591125488e-01
6.202606558799743652e-01 3.167734444141387939e-01
7.304030656814575195e-01 2.973505854606628418e-01
7.299882173538208008e-01 2.968934476375579834e-01
