4.760228991508483887e-01 3.577653765678405762e-01
4.698296189308166504e-01 3.532834053039550781e-01
4.713567197322845459e-01 3.594993948936462402e-01
4.684584140777587891e-01 3.315955400466918945e-01
4.676672816276550293e-01 3.507086932659149170e-01
4.884544312953948975e-01 3.264522552490234375e-01
4.892954826354980469e-01 3.422079086303710938e-01
5.323538780212402344e-01 3.410933017730712891e-01
5.285561084747314453e-01 3.629119396209716797e-01
5.478674173355102539e-01 4.148265719413757324e-01
5.497150421142578125e-01 4.111633300781250000e-01
5.813571214675903320e-01 3.146613538265228271e-01
5.825400352478027344e-01 3.196004629135131836e-01
6.555579900741577148e-01 2.973653078079223633e-01
6.387693881988525391e-01 3.289455771446228027e-01
7.428476214408874512e-01 2.817412614822387695e-01
6.701645255088806152e-01 4.204527139663696289e-01
