5.016790032386779785e-01 3.067521154880523682e-01
4.974687695503234863e-01 3.063613772392272949e-01
4.971980452537536621e-01 3.028364181518554688e-01
5.006250143051147461e-01 3.059712648391723633e-01
5.010079145431518555e-01 2.968584597110748291e-01
5.370537638664245605e-01 3.134111762046813965e-01
5.390785932540893555e-01 2.951795756816864014e-01
5.913321971893310547e-01 3.159736990928649902e-01
5.871813297271728516e-01 2.879633605480194092e-01
5.646162033081054688e-01 2.957192957401275635e-01
5.513772964477539062e-01 2.408819049596786499e-01
6.392958164215087891e-01 3.167364597320556641e-01
6.391931176185607910e-01 3.028810918331146240e-01
7.247595787048339844e-01 3.142216503620147705e-01
7.259344458580017090e-01 3.128042221069335938e-01
7.676026821136474609e-01 2.998880743980407715e-01
7.668995261192321777e-01 2.970991432666778564e-01
