4.398230016231536865e-01 3.986063897609710693e-01
4.380353689193725586e-01 4.000636935234069824e-01
4.391163289546966553e-01 4.040369391441345215e-01
4.522502124309539795e-01 3.984762132167816162e-01
4.458751678466796875e-01 4.064804017543792725e-01
4.789443910121917725e-01 3.740445971488952637e-01
4.777452647686004639e-01 3.913478553295135498e-01
4.085521697998046875e-01 4.014231562614440918e-01
4.090537428855895996e-01 4.021973311901092529e-01
4.017339348793029785e-01 4.107995033264160156e-01
4.082201719284057617e-01 4.108995199203491211e-01
5.524440407752990723e-01 3.519920110702514648e-01
5.639652013778686523e-01 3.565267324447631836e-01
6.757655143737792969e-01 3.282595276832580566e-01
6.801552176475524902e-01 3.339105248451232910e-01
7.955660223960876465e-01 3.283561170101165771e-01
7.928714752197265625e-01 3.278603851795196533e-01
