4.492444396018981934e-01 4.655407667160034180e-01
4.435875117778778076e-01 4.650365710258483887e-01
4.436300396919250488e-01 4.649012982845306396e-01
4.443343877792358398e-01 4.622974991798400879e-01
4.455112814903259277e-01 4.659425020217895508e-01
4.772159755229949951e-01 4.588152170181274414e-01
4.861111044883728027e-01 4.400542676448822021e-01
5.406869053840637207e-01 4.112603068351745605e-01
5.343205332756042480e-01 4.107404947280883789e-01
5.735790729522705078e-01 4.560477137565612793e-01
5.732895135879516602e-01 4.382252395153045654e-01
5.883709192276000977e-01 4.221656918525695801e-01
5.882264375686645508e-01 4.192388057708740234e-01
6.776514053344726562e-01 4.185278117656707764e-01
6.769180297851562500e-01 4.192579984664916992e-01
7.657092809677124023e-01 4.296530485153198242e-01
7.565565109252929688e-01 4.302081465721130371e-01
