3.990717530250549316e-01 3.666669130325317383e-01
3.931650519371032715e-01 3.584323823451995850e-01
3.933624029159545898e-01 3.702312409877777100e-01
3.992766737937927246e-01 3.447329401969909668e-01
3.950405716896057129e-01 3.684753179550170898e-01
4.329113364219665527e-01 3.306210935115814209e-01
4.338776469230651855e-01 3.672823607921600342e-01
4.820462167263031006e-01 3.210629820823669434e-01
4.779496192932128906e-01 3.718175590038299561e-01
5.305876731872558594e-01 3.285935521125793457e-01
5.446935892105102539e-01 3.686375617980957031e-01
5.470275282859802246e-01 3.371201455593109131e-01
5.479763746261596680e-01 3.683345317840576172e-01
6.327446699142456055e-01 3.557689189910888672e-01
6.301970481872558594e-01 3.774933815002441406e-01
7.397164702415466309e-01 3.575501441955566406e-01
7.361351847648620605e-01 3.801371753215789795e-01
