4.156104922294616699e-01 2.987616881728172302e-02
4.118400514125823975e-01 3.349604085087776184e-02
4.112300276756286621e-01 2.994030714035034180e-02
4.071565270423889160e-01 3.350412845611572266e-02
4.064339101314544678e-01 2.722349576652050018e-02
4.248668849468231201e-01 3.428352624177932739e-02
4.204199910163879395e-01 2.010721899569034576e-02
4.447659254074096680e-01 3.641851991415023804e-02
4.468101859092712402e-01 2.399014681577682495e-02
4.460621476173400879e-01 4.127648100256919861e-02
4.440054297447204590e-01 3.198827058076858521e-02
4.610862135887145996e-01 3.561371937394142151e-02
4.603353440761566162e-01 2.596745267510414124e-02
4.757969081401824951e-01 4.048111289739608765e-02
4.738423228263854980e-01 3.938755393028259277e-02
4.991624951362609863e-01 4.226116463541984558e-02
4.979412555694580078e-01 3.574173524975776672e-02
