4.367711246013641357e-01 3.857213258743286133e-01
4.741989970207214355e-01 3.834376931190490723e-01
4.388610720634460449e-01 3.851192593574523926e-01
4.934308230876922607e-01 3.834756016731262207e-01
4.431248605251312256e-01 3.724633157253265381e-01
5.158525109291076660e-01 3.823131322860717773e-01
4.968572258949279785e-01 3.761633038520812988e-01
5.575343966484069824e-01 3.824487924575805664e-01
5.539831519126892090e-01 3.622354269027709961e-01
6.093977093696594238e-01 3.624611794948577881e-01
6.063112020492553711e-01 3.527005612850189209e-01
5.714851617813110352e-01 3.877149224281311035e-01
5.730416774749755859e-01 3.813365101814270020e-01
6.434617638587951660e-01 3.794397115707397461e-01
6.433914303779602051e-01 3.760590255260467529e-01
7.050243616104125977e-01 3.681120574474334717e-01
7.040466070175170898e-01 3.651710748672485352e-01
