4.314441680908203125e-01 3.232083022594451904e-01
4.246755540370941162e-01 3.311861157417297363e-01
4.238515496253967285e-01 3.165433108806610107e-01
4.263385534286499023e-01 3.381577730178833008e-01
4.259971380233764648e-01 3.069630265235900879e-01
4.750328958034515381e-01 3.505229949951171875e-01
4.765480458736419678e-01 2.905634939670562744e-01
5.364060401916503906e-01 3.505260348320007324e-01
5.293874740600585938e-01 2.819963693618774414e-01
5.790988802909851074e-01 3.437620103359222412e-01
5.782475471496582031e-01 2.910079360008239746e-01
6.052286624908447266e-01 3.426755368709564209e-01
6.071475744247436523e-01 3.077132999897003174e-01
7.077516317367553711e-01 3.509760797023773193e-01
7.145204544067382812e-01 2.919444441795349121e-01
8.147404193878173828e-01 3.449032902717590332e-01
8.203090429306030273e-01 2.889527678489685059e-01
