3.598265051841735840e-01 4.062693715095520020e-01
3.520584702491760254e-01 4.076507985591888428e-01
3.510497808456420898e-01 4.030963778495788574e-01
3.526844382286071777e-01 3.991695046424865723e-01
3.491445481777191162e-01 3.900476694107055664e-01
3.904019594192504883e-01 3.924055993556976318e-01
3.880690038204193115e-01 3.648455739021301270e-01
4.374057948589324951e-01 4.015388190746307373e-01
4.416845738887786865e-01 3.591565787792205811e-01
4.844087064266204834e-01 4.154912829399108887e-01
4.851279854774475098e-01 3.974485397338867188e-01
4.931652247905731201e-01 3.711090087890625000e-01
4.885534048080444336e-01 3.471910953521728516e-01
5.679893493652343750e-01 3.836454153060913086e-01
5.720664262771606445e-01 3.565292358398437500e-01
6.749195456504821777e-01 3.883949220180511475e-01
6.770371794700622559e-01 3.824362158775329590e-01
