4.204739034175872803e-01 3.832683265209197998e-01
4.156517684459686279e-01 3.780429363250732422e-01
4.167070388793945312e-01 3.854686915874481201e-01
4.189799427986145020e-01 3.645074963569641113e-01
4.168310165405273438e-01 3.820925652980804443e-01
4.467725455760955811e-01 3.590308129787445068e-01
4.449270665645599365e-01 3.812401294708251953e-01
4.925329685211181641e-01 3.494341969490051270e-01
4.827909469604492188e-01 3.831039667129516602e-01
5.363574624061584473e-01 3.736367225646972656e-01
5.453794002532958984e-01 3.888717293739318848e-01
5.588066577911376953e-01 3.605626523494720459e-01
5.589308142662048340e-01 3.837588727474212646e-01
6.339072585105895996e-01 3.716566264629364014e-01
6.333194971084594727e-01 3.851509988307952881e-01
7.338052988052368164e-01 3.785074353218078613e-01
7.320744395256042480e-01 3.819208741188049316e-01
