3.160125017166137695e-01 3.397096097469329834e-01
3.078364729881286621e-01 3.371958434581756592e-01
3.091546595096588135e-01 3.394811749458312988e-01
3.100491762161254883e-01 3.228731751441955566e-01
3.112747967243194580e-01 3.267713487148284912e-01
3.444588184356689453e-01 3.113922476768493652e-01
3.521453738212585449e-01 3.011936247348785400e-01
3.937891721725463867e-01 3.328313827514648438e-01
4.003522098064422607e-01 3.196223378181457520e-01
3.678857684135437012e-01 3.667685985565185547e-01
4.024008214473724365e-01 3.456252217292785645e-01
4.583623409271240234e-01 2.921828031539916992e-01
4.613838791847229004e-01 2.911499142646789551e-01
5.559331178665161133e-01 2.908526659011840820e-01
5.545908212661743164e-01 3.051242828369140625e-01
6.545373201370239258e-01 2.632499337196350098e-01
6.463586091995239258e-01 2.803604900836944580e-01
