3.739646673202514648e-01 3.126982748508453369e-01
3.693708777427673340e-01 3.138028383255004883e-01
3.711713254451751709e-01 3.078553080558776855e-01
3.682059049606323242e-01 3.170737624168395996e-01
3.688312768936157227e-01 2.966412305831909180e-01
3.945688903331756592e-01 3.335859179496765137e-01
3.856975734233856201e-01 2.942668795585632324e-01
4.296282529830932617e-01 3.637600839138031006e-01
4.049384593963623047e-01 2.843368053436279297e-01
4.340717792510986328e-01 3.508896827697753906e-01
4.163833856582641602e-01 2.831882834434509277e-01
4.496845006942749023e-01 3.461422622203826904e-01
4.446025788784027100e-01 3.173546791076660156e-01
4.938041865825653076e-01 3.564353883266448975e-01
4.925081133842468262e-01 3.328285813331604004e-01
5.689536929130554199e-01 3.682302236557006836e-01
5.705412030220031738e-01 3.451558053493499756e-01
