3.058035969734191895e-01 2.267808616161346436e-01
2.952830195426940918e-01 2.310540676116943359e-01
2.937246263027191162e-01 2.210519164800643921e-01
2.996895909309387207e-01 2.277161777019500732e-01
3.005207777023315430e-01 1.952290236949920654e-01
3.683837652206420898e-01 1.996768563985824585e-01
3.619191646575927734e-01 1.965283751487731934e-01
4.283198118209838867e-01 2.445743978023529053e-01
4.261091947555541992e-01 2.437942028045654297e-01
3.958395719528198242e-01 2.994333207607269287e-01
3.925741910934448242e-01 2.952039837837219238e-01
5.677335858345031738e-01 1.912451982498168945e-01
5.679552555084228516e-01 1.605050563812255859e-01
7.155352830886840820e-01 2.327082157135009766e-01
7.315651178359985352e-01 1.646464318037033081e-01
8.647674322128295898e-01 2.217209786176681519e-01
8.329043388366699219e-01 5.512337014079093933e-02
