3.623586893081665039e-01 3.801507949829101562e-01
3.407415747642517090e-01 3.762878775596618652e-01
3.495028018951416016e-01 3.738010525703430176e-01
3.538648486137390137e-01 3.703652620315551758e-01
3.591051697731018066e-01 3.622300028800964355e-01
4.049920737743377686e-01 3.761030137538909912e-01
4.141121804714202881e-01 3.550704419612884521e-01
3.891055583953857422e-01 3.874523639678955078e-01
3.833110928535461426e-01 3.731384277343750000e-01
2.845021486282348633e-01 3.762511909008026123e-01
4.552877545356750488e-01 4.032112360000610352e-01
5.316593647003173828e-01 3.782393634319305420e-01
5.340124964714050293e-01 3.576381802558898926e-01
6.440089941024780273e-01 3.902935385704040527e-01
6.494500041007995605e-01 3.734106719493865967e-01
7.398424148559570312e-01 3.979663550853729248e-01
7.457242012023925781e-01 3.844761848449707031e-01
