3.248476982116699219e-01 3.471193909645080566e-01
3.185929059982299805e-01 3.445203900337219238e-01
3.162956237792968750e-01 3.438315987586975098e-01
3.204764425754547119e-01 3.327492177486419678e-01
3.201673924922943115e-01 3.289585709571838379e-01
3.512095212936401367e-01 3.245567679405212402e-01
3.593723177909851074e-01 2.952503561973571777e-01
4.023678004741668701e-01 3.354714512825012207e-01
4.309510886669158936e-01 2.869483232498168945e-01
4.077528417110443115e-01 3.538791835308074951e-01
4.569511413574218750e-01 3.136134147644042969e-01
4.704278707504272461e-01 2.999656796455383301e-01
4.750831127166748047e-01 2.871297001838684082e-01
5.644379854202270508e-01 2.930221557617187500e-01
5.705115199089050293e-01 3.056573271751403809e-01
6.592861413955688477e-01 2.635274231433868408e-01
6.637877225875854492e-01 2.729581594467163086e-01
