3.278082013130187988e-01 2.061924189329147339e-01
3.143061995506286621e-01 2.090300172567367554e-01
3.217681348323822021e-01 2.027795314788818359e-01
3.142060637474060059e-01 2.069575488567352295e-01
3.180285990238189697e-01 1.962447613477706909e-01
3.637757897377014160e-01 2.208690047264099121e-01
3.564765453338623047e-01 1.707813441753387451e-01
4.002677798271179199e-01 2.488911449909210205e-01
4.070735573768615723e-01 1.478544622659683228e-01
3.987456262111663818e-01 2.389066815376281738e-01
4.265668094158172607e-01 1.374959051609039307e-01
4.852031469345092773e-01 2.098583579063415527e-01
4.835126101970672607e-01 1.797347366809844971e-01
5.725599527359008789e-01 2.084033489227294922e-01
5.743864774703979492e-01 1.868354976177215576e-01
6.616165041923522949e-01 2.112003266811370850e-01
6.675899028778076172e-01 1.767722666263580322e-01
