3.338850438594818115e-01 3.877767324447631836e-01
3.261513113975524902e-01 3.823737800121307373e-01
3.283862471580505371e-01 3.920042514801025391e-01
3.239986896514892578e-01 3.687964081764221191e-01
3.268293738365173340e-01 3.878943920135498047e-01
3.585771024227142334e-01 3.579732775688171387e-01
3.642808794975280762e-01 3.844105601310729980e-01
4.180230796337127686e-01 3.399192094802856445e-01
4.227677285671234131e-01 3.799510896205902100e-01
4.587743878364562988e-01 3.640658855438232422e-01
4.617551267147064209e-01 3.790049254894256592e-01
4.746719002723693848e-01 3.421998620033264160e-01
4.787814021110534668e-01 3.659720420837402344e-01
5.608804225921630859e-01 3.291036486625671387e-01
5.661020874977111816e-01 3.566811680793762207e-01
6.519570350646972656e-01 3.092063665390014648e-01
6.789566874504089355e-01 3.451204001903533936e-01
