3.828659951686859131e-01 4.062958657741546631e-01
3.785463273525238037e-01 4.039663970470428467e-01
3.787090182304382324e-01 4.076665341854095459e-01
3.840662837028503418e-01 3.861975073814392090e-01
3.832502961158752441e-01 3.972392976284027100e-01
4.220134019851684570e-01 3.574268817901611328e-01
4.240438938140869141e-01 3.823446631431579590e-01
4.349327683448791504e-01 3.768832385540008545e-01
4.410041272640228271e-01 4.163747429847717285e-01
4.351137578487396240e-01 3.933169543743133545e-01
4.344521462917327881e-01 4.115374684333801270e-01
5.221424102783203125e-01 3.374394178390502930e-01
5.277001261711120605e-01 3.695248067378997803e-01
6.020044088363647461e-01 3.433561921119689941e-01
6.072441935539245605e-01 3.789225220680236816e-01
7.035913467407226562e-01 3.214892745018005371e-01
7.287356257438659668e-01 3.776215314865112305e-01
