4.593428969383239746e-01 5.648679733276367188e-01
4.560021162033081055e-01 5.674368143081665039e-01
4.567920565605163574e-01 5.634018182754516602e-01
4.549074769020080566e-01 5.733848810195922852e-01
4.561025500297546387e-01 5.629885792732238770e-01
4.704443812370300293e-01 5.739569067955017090e-01
4.798083007335662842e-01 5.691088438034057617e-01
4.876180291175842285e-01 5.790622830390930176e-01
4.941543340682983398e-01 5.698018670082092285e-01
5.204186439514160156e-01 5.777948498725891113e-01
5.136901140213012695e-01 5.711757540702819824e-01
5.148558020591735840e-01 5.700115561485290527e-01
5.150464773178100586e-01 5.632181763648986816e-01
5.480746030807495117e-01 5.713423490524291992e-01
5.485566258430480957e-01 5.677307844161987305e-01
5.890923142433166504e-01 5.708035230636596680e-01
5.921517610549926758e-01 5.673321485519409180e-01
