3.803263902664184570e-01 3.962602615356445312e-01
3.765958249568939209e-01 3.947362899780273438e-01
3.767251968383789062e-01 3.972488045692443848e-01
3.871769309043884277e-01 3.821639716625213623e-01
3.817285001277923584e-01 3.791758716106414795e-01
4.280788302421569824e-01 3.870404660701751709e-01
4.118858575820922852e-01 3.730908036231994629e-01
4.898193776607513428e-01 4.056999385356903076e-01
4.692993164062500000e-01 3.730690479278564453e-01
5.436812639236450195e-01 4.409496188163757324e-01
4.217238128185272217e-01 3.227322697639465332e-01
5.668844580650329590e-01 3.751924633979797363e-01
5.508823990821838379e-01 3.615818023681640625e-01
6.747339963912963867e-01 3.896417617797851562e-01
6.929910182952880859e-01 3.995835483074188232e-01
8.232480883598327637e-01 3.642451167106628418e-01
8.301649093627929688e-01 3.627651333808898926e-01
