4.123648107051849365e-01 3.386185765266418457e-01
4.027923345565795898e-01 3.294028937816619873e-01
4.048767983913421631e-01 3.227923512458801270e-01
4.022307991981506348e-01 3.310548365116119385e-01
3.997471332550048828e-01 3.108155429363250732e-01
4.328259825706481934e-01 3.519078493118286133e-01
4.315519034862518311e-01 3.142476677894592285e-01
4.702095985412597656e-01 3.739889562129974365e-01
4.653872847557067871e-01 3.211478888988494873e-01
4.661285281181335449e-01 3.769981265068054199e-01
4.850541055202484131e-01 3.439653813838958740e-01
5.193849802017211914e-01 3.800849914550781250e-01
5.218944549560546875e-01 3.555741012096405029e-01
5.857064723968505859e-01 4.018397331237792969e-01
5.853098630905151367e-01 3.736878335475921631e-01
6.406097412109375000e-01 4.143393635749816895e-01
6.515246629714965820e-01 4.000510871410369873e-01
