4.121662080287933350e-01 4.631841778755187988e-01
4.119921326637268066e-01 4.579719007015228271e-01
4.111893177032470703e-01 4.583248794078826904e-01
4.156982600688934326e-01 4.570152461528778076e-01
4.086637496948242188e-01 4.586432576179504395e-01
4.523265063762664795e-01 4.491274058818817139e-01
4.482774436473846436e-01 4.497425556182861328e-01
4.963071048259735107e-01 4.067774415016174316e-01
4.673717021942138672e-01 4.368818998336791992e-01
5.035302042961120605e-01 4.128882288932800293e-01
4.632467925548553467e-01 4.502204358577728271e-01
5.642344951629638672e-01 4.125647544860839844e-01
5.655975341796875000e-01 4.173094034194946289e-01
6.348640918731689453e-01 3.902884125709533691e-01
6.340373754501342773e-01 4.092489182949066162e-01
7.041786909103393555e-01 4.001424908638000488e-01
7.034549713134765625e-01 4.037944972515106201e-01
