4.649853110313415527e-01 3.557182252407073975e-01
4.600405693054199219e-01 3.553679585456848145e-01
4.611449837684631348e-01 3.579436540603637695e-01
4.612358808517456055e-01 3.424567580223083496e-01
4.582131505012512207e-01 3.498739600181579590e-01
4.815822243690490723e-01 3.430850207805633545e-01
4.819993972778320312e-01 3.356579244136810303e-01
5.170332193374633789e-01 3.921845853328704834e-01
5.069069862365722656e-01 3.679924905300140381e-01
5.452976822853088379e-01 4.328220784664154053e-01
5.470337867736816406e-01 4.120819568634033203e-01
5.785586237907409668e-01 3.303657472133636475e-01
5.808026790618896484e-01 3.154596984386444092e-01
6.654285788536071777e-01 3.035914003849029541e-01
6.680165529251098633e-01 2.998715639114379883e-01
7.699357867240905762e-01 3.011834025382995605e-01
7.614624500274658203e-01 2.947483062744140625e-01
