5.241095423698425293e-01 3.295970559120178223e-01
5.214670300483703613e-01 3.228277564048767090e-01
5.173051953315734863e-01 3.261007070541381836e-01
5.285208225250244141e-01 3.050988316535949707e-01
5.249599218368530273e-01 3.180431723594665527e-01
5.635176897048950195e-01 3.098091483116149902e-01
5.664018988609313965e-01 3.333995938301086426e-01
6.042210459709167480e-01 2.874138653278350830e-01
6.252421736717224121e-01 3.439815640449523926e-01
6.043304204940795898e-01 2.758016586303710938e-01
6.060746312141418457e-01 2.806268930435180664e-01
6.768133640289306641e-01 3.345363736152648926e-01
6.776010990142822266e-01 3.492637276649475098e-01
7.742720842361450195e-01 3.507560193538665771e-01
7.821260690689086914e-01 3.555940091609954834e-01
8.631293177604675293e-01 3.164363503456115723e-01
8.717966079711914062e-01 3.196461796760559082e-01
