4.061630666255950928e-01 6.242145895957946777e-01
3.971773386001586914e-01 6.222059726715087891e-01
4.004921615123748779e-01 6.289693117141723633e-01
4.126445055007934570e-01 6.397516131401062012e-01
4.155269265174865723e-01 6.518294811248779297e-01
4.652335643768310547e-01 6.404621601104736328e-01
4.596057832241058350e-01 6.734683513641357422e-01
3.298408985137939453e-01 6.742628812789916992e-01
3.321668505668640137e-01 6.738809347152709961e-01
5.589408874511718750e-01 5.748045444488525391e-01
2.689646780490875244e-01 6.999951601028442383e-01
6.116651296615600586e-01 6.480089426040649414e-01
6.078093051910400391e-01 6.972023248672485352e-01
7.424825429916381836e-01 6.397482156753540039e-01
7.381000518798828125e-01 6.742493510246276855e-01
8.935825228691101074e-01 6.488128900527954102e-01
8.765484690666198730e-01 6.911631822586059570e-01
