4.189807772636413574e-01 3.671565055847167969e-01
4.106139838695526123e-01 3.726768195629119873e-01
4.075883328914642334e-01 3.593804538249969482e-01
4.178609549999237061e-01 3.802300691604614258e-01
4.114706218242645264e-01 3.518262803554534912e-01
4.597566127777099609e-01 3.826526403427124023e-01
4.595904946327209473e-01 3.342463970184326172e-01
5.212716460227966309e-01 3.767375946044921875e-01
5.246416926383972168e-01 3.083764314651489258e-01
5.240060091018676758e-01 3.719123601913452148e-01
5.435973405838012695e-01 3.126893043518066406e-01
6.018631458282470703e-01 3.548323512077331543e-01
6.036911606788635254e-01 3.281826674938201904e-01
6.939861178398132324e-01 3.474005162715911865e-01
6.962668299674987793e-01 3.367658853530883789e-01
8.074020743370056152e-01 3.822783827781677246e-01
8.113856315612792969e-01 3.837626874446868896e-01
