4.635437428951263428e-01 4.733815789222717285e-01
4.578252434730529785e-01 4.751428961753845215e-01
4.567857980728149414e-01 4.746615290641784668e-01
4.587267637252807617e-01 4.681420326232910156e-01
4.556075036525726318e-01 4.644290804862976074e-01
4.872984290122985840e-01 4.523479640483856201e-01
4.824899435043334961e-01 4.431425333023071289e-01
5.148659944534301758e-01 4.409556090831756592e-01
5.105568170547485352e-01 4.191668927669525146e-01
4.870273470878601074e-01 4.663425385951995850e-01
4.839673638343811035e-01 4.291634559631347656e-01
5.964287519454956055e-01 4.102497994899749756e-01
5.942452549934387207e-01 4.029563069343566895e-01
6.804507970809936523e-01 3.937870860099792480e-01
6.838414072990417480e-01 3.963927924633026123e-01
7.774865031242370605e-01 3.743090629577636719e-01
7.805695533752441406e-01 3.815701007843017578e-01
