4.123995006084442139e-01 3.386897444725036621e-01
4.097414612770080566e-01 3.363975882530212402e-01
4.105837941169738770e-01 3.421778678894042969e-01
4.111236929893493652e-01 3.340646624565124512e-01
4.108328521251678467e-01 3.460489511489868164e-01
4.429646134376525879e-01 3.311134874820709229e-01
4.432832598686218262e-01 3.539952635765075684e-01
4.780234992504119873e-01 3.276752233505249023e-01
4.754697978496551514e-01 3.593335151672363281e-01
5.195460319519042969e-01 3.285320401191711426e-01
5.192247629165649414e-01 3.459536433219909668e-01
5.402781963348388672e-01 3.325743079185485840e-01
5.420153141021728516e-01 3.467792868614196777e-01
6.057435274124145508e-01 3.447665572166442871e-01
6.034918427467346191e-01 3.610385060310363770e-01
6.529748439788818359e-01 3.499625921249389648e-01
6.562277078628540039e-01 3.693450093269348145e-01
