3.590109050273895264e-01 3.564049601554870605e-01
3.524477183818817139e-01 3.604175746440887451e-01
3.498972654342651367e-01 3.447131514549255371e-01
3.582833707332611084e-01 3.622162938117980957e-01
3.587498664855957031e-01 3.289232254028320312e-01
4.118548035621643066e-01 3.619992434978485107e-01
4.142878651618957520e-01 3.258309662342071533e-01
4.550939798355102539e-01 3.660487532615661621e-01
4.546588659286499023e-01 3.309184014797210693e-01
4.249269962310791016e-01 4.056124091148376465e-01
4.297997951507568359e-01 3.878255784511566162e-01
5.578662157058715820e-01 3.521235883235931396e-01
5.577130317687988281e-01 3.233021497726440430e-01
6.745909452438354492e-01 3.417098224163055420e-01
6.683949232101440430e-01 3.191333711147308350e-01
7.918343544006347656e-01 3.279424607753753662e-01
7.906884551048278809e-01 2.644805908203125000e-01
