4.991608858108520508e-01 3.501359224319458008e-01
4.944186210632324219e-01 3.577857911586761475e-01
4.860412478446960449e-01 3.534883856773376465e-01
5.003976821899414062e-01 3.564698100090026855e-01
4.840425848960876465e-01 3.346533477306365967e-01
5.413181185722351074e-01 3.380799293518066406e-01
5.191791057586669922e-01 2.977789342403411865e-01
5.848195552825927734e-01 3.334923982620239258e-01
5.709830522537231445e-01 2.880219519138336182e-01
5.336030721664428711e-01 3.630342483520507812e-01
5.295027494430541992e-01 3.470490872859954834e-01
6.446304917335510254e-01 2.901199758052825928e-01
6.337245106697082520e-01 2.527719140052795410e-01
7.368922233581542969e-01 2.921347618103027344e-01
7.351347804069519043e-01 2.282684743404388428e-01
8.466777205467224121e-01 2.950683236122131348e-01
8.333511352539062500e-01 2.044621109962463379e-01
