5.249347090721130371e-01 2.487925887107849121e-01
5.190606117248535156e-01 2.511639297008514404e-01
5.177375674247741699e-01 2.386685907840728760e-01
5.260611176490783691e-01 2.585928440093994141e-01
5.242155790328979492e-01 2.276593744754791260e-01
5.739179849624633789e-01 2.677327692508697510e-01
5.733354687690734863e-01 2.182488441467285156e-01
6.220058798789978027e-01 2.665387392044067383e-01
6.237738132476806641e-01 2.203506529331207275e-01
6.835255622863769531e-01 2.736660242080688477e-01
6.789464354515075684e-01 2.382852286100387573e-01
6.999900341033935547e-01 2.591106295585632324e-01
6.993335485458374023e-01 2.303447574377059937e-01
8.119024038314819336e-01 2.608437538146972656e-01
8.110455870628356934e-01 2.366381287574768066e-01
9.046062827110290527e-01 2.653890252113342285e-01
9.039976596832275391e-01 2.457171976566314697e-01
