4.121204018592834473e-01 3.814401328563690186e-01
4.059828519821166992e-01 3.845300674438476562e-01
4.065751433372497559e-01 3.765777349472045898e-01
4.102823138236999512e-01 3.874003589153289795e-01
4.110196828842163086e-01 3.681676089763641357e-01
4.435136020183563232e-01 3.925770223140716553e-01
4.426588416099548340e-01 3.616704940795898438e-01
4.926124513149261475e-01 3.987691402435302734e-01
4.821800589561462402e-01 3.537775278091430664e-01
5.058826804161071777e-01 3.897123336791992188e-01
5.138382315635681152e-01 3.694858551025390625e-01
5.649093985557556152e-01 3.907837569713592529e-01
5.643998980522155762e-01 3.760720491409301758e-01
6.512208580970764160e-01 3.913370072841644287e-01
6.521672606468200684e-01 3.840710818767547607e-01
7.382308840751647949e-01 3.865662813186645508e-01
7.380949854850769043e-01 3.777291476726531982e-01
