4.453496336936950684e-01 5.759820342063903809e-01
4.355435073375701904e-01 5.799241662025451660e-01
4.350063502788543701e-01 5.713237524032592773e-01
4.401233196258544922e-01 5.855288505554199219e-01
4.363166987895965576e-01 5.663238763809204102e-01
4.758470654487609863e-01 6.033697128295898438e-01
4.726294875144958496e-01 5.624678134918212891e-01
5.235295891761779785e-01 6.274532079696655273e-01
5.153449773788452148e-01 5.644043684005737305e-01
5.447487831115722656e-01 6.104124784469604492e-01
5.443176627159118652e-01 5.717334747314453125e-01
5.699898004531860352e-01 6.080532073974609375e-01
5.668778419494628906e-01 5.790047645568847656e-01
6.368650197982788086e-01 6.112637519836425781e-01
6.399677395820617676e-01 5.781468152999877930e-01
7.203992605209350586e-01 6.191657781600952148e-01
7.210749983787536621e-01 5.794960260391235352e-01
