3.925014436244964600e-01 4.386448562145233154e-01
3.870522379875183105e-01 4.388497769832611084e-01
3.833804726600646973e-01 4.392464160919189453e-01
3.899956345558166504e-01 4.325944185256958008e-01
3.825167119503021240e-01 4.259700775146484375e-01
4.382463693618774414e-01 4.131410717964172363e-01
4.117512702941894531e-01 4.001082777976989746e-01
4.958835840225219727e-01 4.165158867835998535e-01
4.454436898231506348e-01 4.032824635505676270e-01
5.416694283485412598e-01 4.476963281631469727e-01
4.352501332759857178e-01 4.416970610618591309e-01
5.703555345535278320e-01 3.688716590404510498e-01
5.681184530258178711e-01 3.548601865768432617e-01
6.901327371597290039e-01 3.791921138763427734e-01
6.888996958732604980e-01 3.697752952575683594e-01
8.161553144454956055e-01 3.275076150894165039e-01
8.175115585327148438e-01 3.239912092685699463e-01
