5.504570007324218750e-01 4.759800136089324951e-01
5.486795306205749512e-01 4.759142994880676270e-01
5.488128662109375000e-01 4.760737419128417969e-01
5.505676865577697754e-01 4.776411056518554688e-01
5.506380796432495117e-01 4.759198427200317383e-01
5.734663009643554688e-01 4.703471660614013672e-01
5.687605142593383789e-01 4.734750390052795410e-01
5.861479043960571289e-01 4.804458022117614746e-01
5.855489969253540039e-01 4.719513654708862305e-01
6.101561784744262695e-01 4.804561138153076172e-01
6.041668653488159180e-01 4.785844683647155762e-01
6.107439994812011719e-01 4.719605147838592529e-01
6.111015081405639648e-01 4.679077565670013428e-01
6.503335833549499512e-01 4.712469279766082764e-01
6.489987969398498535e-01 4.695617556571960449e-01
6.808709502220153809e-01 4.700301587581634521e-01
6.759610176086425781e-01 4.692584276199340820e-01
