3.237031996250152588e-01 3.345971703529357910e-01
3.173414468765258789e-01 3.352151513099670410e-01
3.189387023448944092e-01 3.298361897468566895e-01
3.158032000064849854e-01 3.385260701179504395e-01
3.166959881782531738e-01 3.262028694152832031e-01
3.358374238014221191e-01 3.427969813346862793e-01
3.342246711254119873e-01 3.354961872100830078e-01
3.605212569236755371e-01 3.549767732620239258e-01
3.613243699073791504e-01 3.285808265209197998e-01
3.668542802333831787e-01 3.321322202682495117e-01
3.717224001884460449e-01 3.271298706531524658e-01
3.808115720748901367e-01 3.417579829692840576e-01
3.789984583854675293e-01 3.356216847896575928e-01
4.008991420269012451e-01 3.557547330856323242e-01
4.007376432418823242e-01 3.405013084411621094e-01
4.225763678550720215e-01 3.478742837905883789e-01
4.108525216579437256e-01 3.396203517913818359e-01
