4.325125813484191895e-01 4.541887938976287842e-01
4.303842484951019287e-01 4.603317975997924805e-01
4.283230304718017578e-01 4.569110572338104248e-01
4.352567791938781738e-01 4.654400944709777832e-01
4.294468760490417480e-01 4.546372592449188232e-01
4.539065062999725342e-01 4.486433863639831543e-01
4.473943114280700684e-01 4.246301352977752686e-01
4.597053527832031250e-01 4.585585296154022217e-01
4.420792758464813232e-01 3.595778346061706543e-01
4.742849767208099365e-01 4.784809947013854980e-01
4.321351051330566406e-01 3.627653121948242188e-01
5.218465328216552734e-01 3.532887697219848633e-01
5.244809985160827637e-01 3.341725766658782959e-01
5.357392430305480957e-01 2.755922675132751465e-01
5.355874300003051758e-01 2.776848673820495605e-01
6.319624781608581543e-01 2.543412148952484131e-01
6.203107237815856934e-01 2.533209323883056641e-01
