4.778531193733215332e-01 4.804064035415649414e-01
4.748534858226776123e-01 4.952149391174316406e-01
4.756275415420532227e-01 4.940401017665863037e-01
4.737023711204528809e-01 4.950943887233734131e-01
4.754918515682220459e-01 4.930751323699951172e-01
5.035502314567565918e-01 4.894561171531677246e-01
4.987100958824157715e-01 4.952428936958312988e-01
5.302838087081909180e-01 5.138674378395080566e-01
5.538958907127380371e-01 4.314757287502288818e-01
5.902901887893676758e-01 4.391247928142547607e-01
5.887256860733032227e-01 4.350628554821014404e-01
6.194314956665039062e-01 3.518582284450531006e-01
5.728563666343688965e-01 4.866781234741210938e-01
6.077151298522949219e-01 4.796301126480102539e-01
6.890599131584167480e-01 3.316247761249542236e-01
6.780201196670532227e-01 4.528492391109466553e-01
6.757980585098266602e-01 4.525722861289978027e-01
