5.458290576934814453e-01 4.791646003723144531e-01
5.379685759544372559e-01 4.795479774475097656e-01
5.434631109237670898e-01 4.792568385601043701e-01
5.393984913825988770e-01 4.840456247329711914e-01
5.359537601470947266e-01 4.862898290157318115e-01
5.599426627159118652e-01 4.819094538688659668e-01
5.573387145996093750e-01 4.902273118495941162e-01
5.819049477577209473e-01 4.797422289848327637e-01
5.820664763450622559e-01 4.898829460144042969e-01
6.029163599014282227e-01 4.837497472763061523e-01
5.965421199798583984e-01 4.891136586666107178e-01
6.084091067314147949e-01 4.880073666572570801e-01
6.062241792678833008e-01 4.902358949184417725e-01
6.443150043487548828e-01 4.838163256645202637e-01
6.440216898918151855e-01 4.881318211555480957e-01
6.891715526580810547e-01 4.821290373802185059e-01
6.887334585189819336e-01 4.803342521190643311e-01
