4.409150779247283936e-01 5.070598125457763672e-01
4.391400516033172607e-01 5.093422532081604004e-01
4.375729560852050781e-01 5.067338943481445312e-01
4.442970156669616699e-01 5.131986141204833984e-01
4.405764341354370117e-01 5.068504810333251953e-01
4.611353874206542969e-01 5.070310235023498535e-01
4.585402607917785645e-01 5.063112974166870117e-01
4.642969071865081787e-01 5.306041240692138672e-01
4.618515670299530029e-01 5.230237841606140137e-01
4.893915355205535889e-01 5.228202342987060547e-01
4.827390909194946289e-01 5.194263458251953125e-01
5.029313564300537109e-01 5.015083551406860352e-01
5.034513473510742188e-01 5.013567209243774414e-01
5.216020941734313965e-01 5.094238519668579102e-01
5.217134952545166016e-01 5.113325119018554688e-01
5.726192593574523926e-01 5.260205268859863281e-01
5.587581992149353027e-01 5.238164663314819336e-01
