3.084219694137573242e-01 3.371377587318420410e-01
3.050538301467895508e-01 3.403905332088470459e-01
3.043434917926788330e-01 3.346240520477294922e-01
3.106614947319030762e-01 3.521308600902557373e-01
3.075754046440124512e-01 3.311239480972290039e-01
3.329182565212249756e-01 3.531830310821533203e-01
3.288973569869995117e-01 3.316241204738616943e-01
3.531864583492279053e-01 3.634348809719085693e-01
3.516612052917480469e-01 3.289169073104858398e-01
3.671350181102752686e-01 3.475173711776733398e-01
3.673686385154724121e-01 3.337984979152679443e-01
3.921006619930267334e-01 3.347001075744628906e-01
3.867737054824829102e-01 3.180226683616638184e-01
3.986521959304809570e-01 3.474104106426239014e-01
3.972644805908203125e-01 3.294239342212677002e-01
4.494135081768035889e-01 3.356545567512512207e-01
4.537193477153778076e-01 3.233953118324279785e-01
