5.126377344131469727e-01 3.024224638938903809e-01
5.080335140228271484e-01 2.966087460517883301e-01
5.059655904769897461e-01 3.014110922813415527e-01
5.158166885375976562e-01 2.821902334690093994e-01
5.129438042640686035e-01 2.878360450267791748e-01
5.582901239395141602e-01 2.746113836765289307e-01
5.631278753280639648e-01 2.866860628128051758e-01
6.094722151756286621e-01 2.723929882049560547e-01
6.150648593902587891e-01 3.170403838157653809e-01
6.464879512786865234e-01 3.467683196067810059e-01
6.369469165802001953e-01 3.446708619594573975e-01
6.831876039505004883e-01 2.590981721878051758e-01
6.849426627159118652e-01 2.790677249431610107e-01
7.667655348777770996e-01 2.542690038681030273e-01
7.740759849548339844e-01 2.991377115249633789e-01
8.634456992149353027e-01 2.324323058128356934e-01
8.601827621459960938e-01 3.217061161994934082e-01
