4.650704860687255859e-01 4.787528514862060547e-01
4.602473676204681396e-01 4.820649623870849609e-01
4.580785632133483887e-01 4.799547195434570312e-01
4.604257345199584961e-01 4.794018864631652832e-01
4.559700489044189453e-01 4.717048406600952148e-01
4.863861799240112305e-01 4.611315727233886719e-01
4.797669053077697754e-01 4.422685503959655762e-01
5.180539488792419434e-01 4.477105140686035156e-01
5.125565528869628906e-01 4.014129638671875000e-01
5.118333101272583008e-01 4.711488485336303711e-01
5.290156602859497070e-01 3.867185711860656738e-01
5.743350982666015625e-01 4.188653826713562012e-01
5.733177661895751953e-01 3.980467915534973145e-01
6.401677131652832031e-01 3.985993266105651855e-01
6.436671614646911621e-01 3.861686885356903076e-01
7.058084011077880859e-01 3.895591497421264648e-01
7.053667902946472168e-01 3.669527769088745117e-01
