3.510290384292602539e-01 4.173671603202819824e-01
3.414075076580047607e-01 4.176995158195495605e-01
3.451581001281738281e-01 4.160225391387939453e-01
3.430801033973693848e-01 4.111028313636779785e-01
3.442775905132293701e-01 4.041508138179779053e-01
3.730397224426269531e-01 3.965766131877899170e-01
3.762029111385345459e-01 3.866465687751770020e-01
4.342543780803680420e-01 3.787202537059783936e-01
4.244057834148406982e-01 3.656384944915771484e-01
4.747746586799621582e-01 3.738326728343963623e-01
4.655093550682067871e-01 3.798685073852539062e-01
4.832810759544372559e-01 3.644819259643554688e-01
4.827173352241516113e-01 3.610898852348327637e-01
5.605469942092895508e-01 3.455554246902465820e-01
5.622033476829528809e-01 3.473559617996215820e-01
6.731359958648681641e-01 3.327592611312866211e-01
6.696914434432983398e-01 3.364294767379760742e-01
