4.856660962104797363e-01 2.849410176277160645e-01
4.791243076324462891e-01 2.911573052406311035e-01
4.775591492652893066e-01 2.828738689422607422e-01
4.849019944667816162e-01 2.952829003334045410e-01
4.813885092735290527e-01 2.710145115852355957e-01
5.186945199966430664e-01 2.861478626728057861e-01
5.230229496955871582e-01 2.415029704570770264e-01
5.167825222015380859e-01 3.122378289699554443e-01
5.818538665771484375e-01 2.150060832500457764e-01
5.005748271942138672e-01 3.375535607337951660e-01
5.485723018646240234e-01 2.238178700208663940e-01
6.569482684135437012e-01 2.594386339187622070e-01
6.558985710144042969e-01 2.345574200153350830e-01
7.437450885772705078e-01 2.504515051841735840e-01
7.623339891433715820e-01 2.296846807003021240e-01
8.671038150787353516e-01 2.082614004611968994e-01
8.640167713165283203e-01 2.034723162651062012e-01
