3.349717855453491211e-01 3.308482170104980469e-01
3.297398984432220459e-01 3.332120180130004883e-01
3.316727578639984131e-01 3.316042721271514893e-01
3.291288018226623535e-01 3.460782468318939209e-01
3.297133445739746094e-01 3.335314691066741943e-01
3.597241342067718506e-01 3.571697175502777100e-01
3.581186532974243164e-01 3.280068337917327881e-01
3.929911851882934570e-01 3.582490682601928711e-01
3.907409906387329102e-01 3.231123089790344238e-01
4.193864762783050537e-01 3.438046872615814209e-01
4.136829972267150879e-01 3.304242193698883057e-01
4.558447003364562988e-01 3.543998599052429199e-01
4.560250043869018555e-01 3.363865315914154053e-01
5.427625775337219238e-01 3.323438763618469238e-01
5.458350181579589844e-01 3.145331740379333496e-01
6.191612482070922852e-01 3.340851962566375732e-01
6.028528809547424316e-01 3.289433717727661133e-01
