5.296268463134765625e-01 4.014440476894378662e-01
5.320147871971130371e-01 3.889204859733581543e-01
5.293347835540771484e-01 4.053434729576110840e-01
5.079360008239746094e-01 3.905325531959533691e-01
5.042995214462280273e-01 4.358007609844207764e-01
4.948438405990600586e-01 3.786843419075012207e-01
4.708012044429779053e-01 4.618733525276184082e-01
6.152359843254089355e-01 3.782793879508972168e-01
5.623117685317993164e-01 5.161956548690795898e-01
6.609452962875366211e-01 3.655733466148376465e-01
6.480669975280761719e-01 5.681009888648986816e-01
5.067811012268066406e-01 4.140710234642028809e-01
5.008493661880493164e-01 4.907853305339813232e-01
6.242633461952209473e-01 3.961687982082366943e-01
6.003951430320739746e-01 4.671278595924377441e-01
7.002882957458496094e-01 5.650658607482910156e-01
6.973280906677246094e-01 5.653424263000488281e-01
