3.280153274536132812e-01 3.317659497261047363e-01
3.245680928230285645e-01 3.342274129390716553e-01
3.247907161712646484e-01 3.308229446411132812e-01
3.271889090538024902e-01 3.376514315605163574e-01
3.255315124988555908e-01 3.297482132911682129e-01
3.467620313167572021e-01 3.424687087535858154e-01
3.439812362194061279e-01 3.357296586036682129e-01
3.705933988094329834e-01 3.482303023338317871e-01
3.690025508403778076e-01 3.282980024814605713e-01
3.813190460205078125e-01 3.333178162574768066e-01
3.802309930324554443e-01 3.198153972625732422e-01
3.933084905147552490e-01 3.418818712234497070e-01
3.908574581146240234e-01 3.316542506217956543e-01
4.088945388793945312e-01 3.471383452415466309e-01
4.099143147468566895e-01 3.264924585819244385e-01
4.347476661205291748e-01 3.332300782203674316e-01
4.326246380805969238e-01 3.227163553237915039e-01
