5.241023302078247070e-01 4.587630927562713623e-01
5.190425515174865723e-01 4.622206091880798340e-01
5.202050805091857910e-01 4.598082005977630615e-01
5.220389962196350098e-01 4.665762782096862793e-01
5.225471854209899902e-01 4.628423452377319336e-01
5.404333472251892090e-01 4.654164314270019531e-01
5.381066203117370605e-01 4.600294530391693115e-01
5.605850219726562500e-01 4.732615649700164795e-01
5.571722984313964844e-01 4.645581841468811035e-01
5.734432339668273926e-01 4.609950482845306396e-01
5.705066919326782227e-01 4.549192190170288086e-01
5.810887813568115234e-01 4.729591608047485352e-01
5.805916786193847656e-01 4.706303775310516357e-01
6.116607189178466797e-01 4.607462286949157715e-01
6.094689369201660156e-01 4.620159864425659180e-01
6.248819828033447266e-01 4.579291045665740967e-01
6.230100393295288086e-01 4.576586484909057617e-01
