5.618444681167602539e-01 2.663563787937164307e-01
5.516622066497802734e-01 2.679545879364013672e-01
5.537190437316894531e-01 2.673059403896331787e-01
5.562433004379272461e-01 2.753817439079284668e-01
5.591187477111816406e-01 2.723740041255950928e-01
5.949824452400207520e-01 2.922708988189697266e-01
5.994346141815185547e-01 2.855195999145507812e-01
6.553908586502075195e-01 2.786973416805267334e-01
6.592871546745300293e-01 2.709951698780059814e-01
7.035865783691406250e-01 2.266184985637664795e-01
7.037680149078369141e-01 2.159073799848556519e-01
7.346165180206298828e-01 3.149071037769317627e-01
7.358571887016296387e-01 3.156812787055969238e-01
8.465427160263061523e-01 3.152909874916076660e-01
8.450571298599243164e-01 3.185328841209411621e-01
9.484924077987670898e-01 3.183463215827941895e-01
9.442200064659118652e-01 3.301969170570373535e-01
