3.505572974681854248e-01 2.052385509014129639e-01
3.436383903026580811e-01 2.081926912069320679e-01
3.475231528282165527e-01 1.994218528270721436e-01
3.448060452938079834e-01 2.088593095541000366e-01
3.466879725456237793e-01 1.904173940420150757e-01
3.838134706020355225e-01 2.215127944946289062e-01
3.842554986476898193e-01 1.677877008914947510e-01
4.229687154293060303e-01 2.446200847625732422e-01
4.358639717102050781e-01 1.478637456893920898e-01
4.262531697750091553e-01 3.008714318275451660e-01
4.682512879371643066e-01 1.396121382713317871e-01
5.008596181869506836e-01 2.151101231575012207e-01
5.010812878608703613e-01 1.797992885112762451e-01
5.808604359626770020e-01 2.102073729038238525e-01
5.841277837753295898e-01 1.850520968437194824e-01
6.579784154891967773e-01 2.134504020214080811e-01
6.627637147903442383e-01 1.764335483312606812e-01
