4.132245481014251709e-01 3.038260936737060547e-01
4.075188040733337402e-01 3.048712015151977539e-01
4.065577685832977295e-01 2.986249923706054688e-01
4.132275581359863281e-01 3.005721867084503174e-01
4.114280641078948975e-01 2.887603640556335449e-01
4.509300887584686279e-01 2.925611436367034912e-01
4.492371082305908203e-01 2.751114368438720703e-01
5.088148117065429688e-01 2.853420376777648926e-01
5.029106140136718750e-01 2.457372546195983887e-01
5.520368814468383789e-01 2.792829871177673340e-01
5.414228439331054688e-01 2.316420078277587891e-01
5.564983487129211426e-01 2.776431441307067871e-01
5.568103790283203125e-01 2.631333768367767334e-01
6.306406855583190918e-01 2.657473683357238770e-01
6.340140104293823242e-01 2.632119059562683105e-01
6.850181818008422852e-01 2.596438229084014893e-01
7.084383368492126465e-01 2.583431899547576904e-01
