3.873188495635986328e-01 4.455481171607971191e-01
3.851395845413208008e-01 4.504356086254119873e-01
3.840629458427429199e-01 4.505405128002166748e-01
3.877677321434020996e-01 4.524345397949218750e-01
3.841967582702636719e-01 4.512119889259338379e-01
4.056921899318695068e-01 4.310520291328430176e-01
3.957291841506958008e-01 4.228146672248840332e-01
4.120379686355590820e-01 4.208686351776123047e-01
4.074587523937225342e-01 4.060245454311370850e-01
4.177315235137939453e-01 4.314682483673095703e-01
4.319241046905517578e-01 4.063157439231872559e-01
4.814648628234863281e-01 3.759316205978393555e-01
4.829157292842864990e-01 3.666115701198577881e-01
5.571265220642089844e-01 3.539743125438690186e-01
5.566091537475585938e-01 3.500052094459533691e-01
6.275492310523986816e-01 3.236330151557922363e-01
6.082703471183776855e-01 3.243194520473480225e-01
