4.814599752426147461e-01 3.394389748573303223e-01
4.780936837196350098e-01 3.413949906826019287e-01
4.820426702499389648e-01 3.457308709621429443e-01
4.808884263038635254e-01 3.372067213058471680e-01
4.882667064666748047e-01 3.441520631313323975e-01
4.958557486534118652e-01 2.917846739292144775e-01
5.005102157592773438e-01 3.196459412574768066e-01
5.778754949569702148e-01 2.516469359397888184e-01
5.688620805740356445e-01 2.682358622550964355e-01
6.266770362854003906e-01 2.355972975492477417e-01
6.261944770812988281e-01 2.604956328868865967e-01
5.671644210815429688e-01 2.452968358993530273e-01
5.713312625885009766e-01 2.617862820625305176e-01
6.656014919281005859e-01 2.011331021785736084e-01
6.729692816734313965e-01 2.544156908988952637e-01
7.788943052291870117e-01 1.524458974599838257e-01
7.964669466018676758e-01 2.418131530284881592e-01
