3.383994996547698975e-01 3.375380039215087891e-01
3.320004940032958984e-01 3.443410992622375488e-01
3.333855569362640381e-01 3.292852640151977539e-01
3.315805196762084961e-01 3.478993773460388184e-01
3.341002166271209717e-01 3.236385285854339600e-01
3.602262735366821289e-01 3.580393493175506592e-01
3.598917424678802490e-01 3.216074705123901367e-01
3.898702263832092285e-01 3.648227453231811523e-01
3.777940869331359863e-01 3.064292967319488525e-01
3.973742425441741943e-01 3.578342795372009277e-01
3.955015838146209717e-01 3.443478345870971680e-01
4.463515281677246094e-01 3.590058684349060059e-01
4.503781199455261230e-01 3.400007188320159912e-01
5.436939597129821777e-01 3.412360548973083496e-01
5.463775396347045898e-01 3.314150571823120117e-01
5.671079158782958984e-01 3.448714017868041992e-01
5.685457587242126465e-01 3.422031402587890625e-01
