4.921635389328002930e-01 2.437950372695922852e-01
4.860025644302368164e-01 2.481432557106018066e-01
4.838469624519348145e-01 2.408616840839385986e-01
4.910510778427124023e-01 2.500180602073669434e-01
4.874613881111145020e-01 2.322011440992355347e-01
5.341085195541381836e-01 2.412661314010620117e-01
5.343310832977294922e-01 2.276773899793624878e-01
5.868760347366333008e-01 2.263367474079132080e-01
5.839055776596069336e-01 2.203990072011947632e-01
6.442986726760864258e-01 2.462569773197174072e-01
6.445240378379821777e-01 2.340735048055648804e-01
6.574268341064453125e-01 2.156482785940170288e-01
6.566126942634582520e-01 2.205086946487426758e-01
7.564886808395385742e-01 2.002628743648529053e-01
7.572118043899536133e-01 2.142524123191833496e-01
8.695946931838989258e-01 2.074391543865203857e-01
8.671454787254333496e-01 2.071918100118637085e-01
