5.204954147338867188e-01 4.814680516719818115e-01
5.177141427993774414e-01 4.847096800804138184e-01
5.173011422157287598e-01 4.819628894329071045e-01
5.202152729034423828e-01 4.906983375549316406e-01
5.195583701133728027e-01 4.819501638412475586e-01
5.418569445610046387e-01 4.945991933345794678e-01
5.402909517288208008e-01 4.747962951660156250e-01
5.634865164756774902e-01 5.039805173873901367e-01
5.636000633239746094e-01 4.710224568843841553e-01
5.883064270019531250e-01 4.970468878746032715e-01
5.879687070846557617e-01 4.797838330268859863e-01
5.962802171707153320e-01 4.856840074062347412e-01
5.985452532768249512e-01 4.676118791103363037e-01
6.366231441497802734e-01 4.798104465007781982e-01
6.400807499885559082e-01 4.617375135421752930e-01
6.778457164764404297e-01 4.717200696468353271e-01
6.775317192077636719e-01 4.575640857219696045e-01
