4.107454717159271240e-01 4.032372236251831055e-01
4.048252999782562256e-01 4.004287123680114746e-01
4.054342210292816162e-01 4.033169150352478027e-01
4.085440039634704590e-01 3.846191167831420898e-01
4.086148440837860107e-01 3.928062617778778076e-01
4.442242383956909180e-01 3.609566092491149902e-01
4.438455104827880859e-01 3.799558579921722412e-01
4.624229669570922852e-01 4.013948142528533936e-01
4.467726349830627441e-01 4.177099168300628662e-01
4.263567328453063965e-01 4.359459280967712402e-01
4.310704469680786133e-01 4.293619990348815918e-01
5.513268709182739258e-01 3.526894450187683105e-01
5.507231950759887695e-01 3.608954846858978271e-01
6.405021548271179199e-01 3.654329776763916016e-01
6.369516849517822266e-01 3.609562516212463379e-01
7.448595762252807617e-01 3.616672754287719727e-01
7.449308633804321289e-01 3.431672453880310059e-01
