3.823174238204956055e-01 3.447795808315277100e-01
3.717699944972991943e-01 3.425932526588439941e-01
3.726409673690795898e-01 3.473675251007080078e-01
3.790767788887023926e-01 3.270112872123718262e-01
3.715369701385498047e-01 3.435627818107604980e-01
4.180032014846801758e-01 3.067584037780761719e-01
4.142542481422424316e-01 3.287721276283264160e-01
4.767246246337890625e-01 2.872756123542785645e-01
4.462494850158691406e-01 3.495098948478698730e-01
5.383476018905639648e-01 2.660936117172241211e-01
4.555415809154510498e-01 3.785869777202606201e-01
5.318440198898315430e-01 2.946303486824035645e-01
5.390589237213134766e-01 3.115493655204772949e-01
5.983702540397644043e-01 3.065119683742523193e-01
5.985625982284545898e-01 3.231279850006103516e-01
6.761913299560546875e-01 3.017808794975280762e-01
6.782619357109069824e-01 3.031095862388610840e-01
