3.262403011322021484e-01 2.101571261882781982e-01
3.191366493701934814e-01 2.276743054389953613e-01
3.204500675201416016e-01 2.056600451469421387e-01
3.112299740314483643e-01 2.672231495380401611e-01
3.213767409324645996e-01 1.958578526973724365e-01
3.643129467964172363e-01 2.380738258361816406e-01
3.626508414745330811e-01 1.717353910207748413e-01
3.899839520454406738e-01 2.594147324562072754e-01
4.028232097625732422e-01 1.335431039333343506e-01
3.816712796688079834e-01 2.358227372169494629e-01
4.246535897254943848e-01 1.390314400196075439e-01
5.055723786354064941e-01 2.274042218923568726e-01
5.038951635360717773e-01 1.792921870946884155e-01
5.945857763290405273e-01 2.241446077823638916e-01
5.926634073257446289e-01 1.889192759990692139e-01
6.864904761314392090e-01 2.330351322889328003e-01
6.938719749450683594e-01 1.714096069335937500e-01
