4.977445602416992188e-01 4.852897524833679199e-01
4.927131831645965576e-01 4.895021915435791016e-01
4.945691823959350586e-01 4.850488603115081787e-01
4.944620132446289062e-01 4.873733222484588623e-01
4.934340417385101318e-01 4.704942107200622559e-01
5.155642628669738770e-01 4.781702160835266113e-01
5.192489624023437500e-01 4.370231330394744873e-01
5.604906082153320312e-01 4.733651876449584961e-01
5.603513717651367188e-01 4.252383410930633545e-01
5.762399435043334961e-01 4.724068641662597656e-01
5.825002789497375488e-01 4.419543445110321045e-01
6.242436766624450684e-01 4.521957635879516602e-01
6.217851042747497559e-01 4.254742264747619629e-01
6.948579549789428711e-01 4.333856105804443359e-01
6.948248744010925293e-01 4.135544896125793457e-01
7.670069932937622070e-01 4.187822043895721436e-01
7.716050148010253906e-01 4.000012874603271484e-01
