4.082224071025848389e-01 3.845544755458831787e-01
4.003626108169555664e-01 3.781762719154357910e-01
4.043857455253601074e-01 3.891540765762329102e-01
4.065910279750823975e-01 3.614704310894012451e-01
4.111610651016235352e-01 3.868986368179321289e-01
4.446367919445037842e-01 3.397004306316375732e-01
4.468724429607391357e-01 3.896930813789367676e-01
4.530330300331115723e-01 3.509041965007781982e-01
4.632373452186584473e-01 4.094328284263610840e-01
4.095757603645324707e-01 4.349536597728729248e-01
4.160785377025604248e-01 4.353724718093872070e-01
5.499877929687500000e-01 3.418331146240234375e-01
5.527467727661132812e-01 3.831209838390350342e-01
6.407581567764282227e-01 3.479186296463012695e-01
6.408793926239013672e-01 3.870902061462402344e-01
7.482777833938598633e-01 3.574642837047576904e-01
7.432849407196044922e-01 3.875630795955657959e-01
