4.433510303497314453e-01 5.697772502899169922e-01
4.399797320365905762e-01 5.727826952934265137e-01
4.398020207881927490e-01 5.679863691329956055e-01
4.394160211086273193e-01 5.789865851402282715e-01
4.395642280578613281e-01 5.654755234718322754e-01
4.529784321784973145e-01 5.847454071044921875e-01
4.605212807655334473e-01 5.633746981620788574e-01
4.715368449687957764e-01 5.888927578926086426e-01
4.768157601356506348e-01 5.654646754264831543e-01
4.927788674831390381e-01 5.818561315536499023e-01
4.952940642833709717e-01 5.660049319267272949e-01
4.957493543624877930e-01 5.810502767562866211e-01
4.986152648925781250e-01 5.695351958274841309e-01
5.304861068725585938e-01 5.766057968139648438e-01
5.318215489387512207e-01 5.706815719604492188e-01
5.701869130134582520e-01 5.728864669799804688e-01
5.666722655296325684e-01 5.676543712615966797e-01
