3.980702757835388184e-01 6.218061447143554688e-01
3.852941393852233887e-01 6.211606860160827637e-01
3.896067142486572266e-01 6.222726106643676758e-01
3.949689269065856934e-01 6.444389820098876953e-01
4.045117795467376709e-01 6.441323161125183105e-01
4.480399787425994873e-01 6.439172029495239258e-01
4.624959826469421387e-01 6.623053550720214844e-01
3.511151671409606934e-01 6.502386927604675293e-01
5.424354672431945801e-01 6.500552892684936523e-01
2.450409978628158569e-01 6.552632451057434082e-01
5.502201318740844727e-01 5.756975412368774414e-01
5.995332598686218262e-01 6.548073887825012207e-01
6.015176177024841309e-01 6.936633586883544922e-01
7.314138412475585938e-01 6.431691646575927734e-01
7.297580242156982422e-01 6.744391918182373047e-01
8.739168643951416016e-01 6.530375480651855469e-01
8.635098934173583984e-01 7.003917694091796875e-01
