4.321245551109313965e-01 3.771443963050842285e-01
4.256611466407775879e-01 3.698843419551849365e-01
4.288692474365234375e-01 3.810954988002777100e-01
4.367930293083190918e-01 3.685009479522705078e-01
4.339441657066345215e-01 3.892643153667449951e-01
4.729591310024261475e-01 3.627803325653076172e-01
4.741271138191223145e-01 4.042842388153076172e-01
5.242788791656494141e-01 3.640658855438232422e-01
5.333486795425415039e-01 4.211524724960327148e-01
5.652085542678833008e-01 3.828320503234863281e-01
5.677710175514221191e-01 4.258766174316406250e-01
5.801681280136108398e-01 3.847556710243225098e-01
5.822403430938720703e-01 4.230859279632568359e-01
6.372191905975341797e-01 3.959727287292480469e-01
6.449465751647949219e-01 4.215590357780456543e-01
7.155025005340576172e-01 4.256568551063537598e-01
7.519352436065673828e-01 4.380205571651458740e-01
