5.092593431472778320e-01 3.112538754940032959e-01
5.070974230766296387e-01 3.150194883346557617e-01
5.058578252792358398e-01 3.091693520545959473e-01
5.099996328353881836e-01 3.219399154186248779e-01
5.093491077423095703e-01 2.982596755027770996e-01
5.434476137161254883e-01 3.292630612850189209e-01
5.447014570236206055e-01 2.892791926860809326e-01
5.925846099853515625e-01 3.437202572822570801e-01
5.757476091384887695e-01 2.727440893650054932e-01
6.304575204849243164e-01 3.414536118507385254e-01
6.260719895362854004e-01 2.814220488071441650e-01
6.200399994850158691e-01 3.289752900600433350e-01
6.210202574729919434e-01 3.005847930908203125e-01
6.887136697769165039e-01 3.443470895290374756e-01
6.916022300720214844e-01 3.101728260517120361e-01
7.347904443740844727e-01 3.540565371513366699e-01
7.314713001251220703e-01 3.118361830711364746e-01
