4.036424756050109863e-01 3.758305907249450684e-01
3.957076072692871094e-01 3.741466999053955078e-01
3.966759145259857178e-01 3.800989985466003418e-01
3.992084264755249023e-01 3.631633222103118896e-01
4.030731618404388428e-01 3.773004412651062012e-01
4.369126558303833008e-01 3.506484925746917725e-01
4.455178380012512207e-01 3.731084465980529785e-01
4.096561074256896973e-01 4.018533825874328613e-01
4.105467200279235840e-01 4.237673282623291016e-01
3.988748192787170410e-01 4.461890161037445068e-01
4.056771397590637207e-01 4.323625564575195312e-01
5.440537333488464355e-01 3.392019271850585938e-01
5.466054677963256836e-01 3.567810654640197754e-01
6.214795708656311035e-01 3.389276862144470215e-01
6.190105676651000977e-01 3.538099229335784912e-01
7.327217459678649902e-01 3.317025303840637207e-01
7.332624793052673340e-01 3.428773880004882812e-01
