9.558144211769104004e-02 3.105978965759277344e-01
8.747622370719909668e-02 3.139402568340301514e-01
8.177889883518218994e-02 3.012932538986206055e-01
9.450986981391906738e-02 3.167833983898162842e-01
8.405997604131698608e-02 2.782568931579589844e-01
1.521807909011840820e-01 3.069312572479248047e-01
1.391817331314086914e-01 2.482591569423675537e-01
2.431040853261947632e-01 2.866208553314208984e-01
2.370130419731140137e-01 2.242255210876464844e-01
3.257768154144287109e-01 2.888878583908081055e-01
3.055821061134338379e-01 2.479367703199386597e-01
3.088418543338775635e-01 2.391311526298522949e-01
3.033555448055267334e-01 1.904723644256591797e-01
4.365911483764648438e-01 2.442562878131866455e-01
4.271944463253021240e-01 1.949362456798553467e-01
5.914599299430847168e-01 2.331313788890838623e-01
5.890461802482604980e-01 2.189584076404571533e-01
