6.743779182434082031e-01 2.170228064060211182e-01
6.647142767906188965e-01 2.204586863517761230e-01
6.655037999153137207e-01 2.176205515861511230e-01
6.632530689239501953e-01 2.199843227863311768e-01
6.658596396446228027e-01 2.123657166957855225e-01
6.727489233016967773e-01 2.162659466266632080e-01
6.718188524246215820e-01 2.098832577466964722e-01
6.963242292404174805e-01 2.098553776741027832e-01
6.918438673019409180e-01 1.987034976482391357e-01
7.025151252746582031e-01 2.150520533323287964e-01
7.022120952606201172e-01 2.057208120822906494e-01
7.133482694625854492e-01 2.120779454708099365e-01
7.138270139694213867e-01 2.059979736804962158e-01
7.708076834678649902e-01 2.012770026922225952e-01
7.784126996994018555e-01 1.879778951406478882e-01
8.270795345306396484e-01 1.759739369153976440e-01
8.263710737228393555e-01 1.765580177307128906e-01
