4.451715648174285889e-01 4.837657809257507324e-01
4.389654099941253662e-01 4.857737720012664795e-01
4.398221969604492188e-01 4.825074374675750732e-01
4.375621080398559570e-01 4.831076860427856445e-01
4.366868138313293457e-01 4.766760766506195068e-01
4.635424017906188965e-01 4.770389795303344727e-01
4.663297832012176514e-01 4.637174606323242188e-01
4.974983632564544678e-01 4.684725701808929443e-01
4.940330386161804199e-01 4.604099690914154053e-01
5.039173960685729980e-01 4.748962819576263428e-01
5.048991441726684570e-01 4.677972197532653809e-01
5.458011627197265625e-01 4.351601004600524902e-01
5.452764034271240234e-01 4.329188764095306396e-01
5.892624855041503906e-01 4.422869384288787842e-01
6.131802201271057129e-01 4.211811423301696777e-01
6.509052515029907227e-01 4.224627017974853516e-01
6.622853279113769531e-01 4.034979343414306641e-01
