4.813629388809204102e-01 3.695959448814392090e-01
4.780519604682922363e-01 3.669565320014953613e-01
4.765773713588714600e-01 3.718855082988739014e-01
4.805048406124114990e-01 3.531842827796936035e-01
4.768328070640563965e-01 3.616049885749816895e-01
5.037423968315124512e-01 3.450939059257507324e-01
5.108469128608703613e-01 3.502494692802429199e-01
5.473352670669555664e-01 3.466900587081909180e-01
5.461568832397460938e-01 3.427088260650634766e-01
5.866940021514892578e-01 3.587722182273864746e-01
5.884926319122314453e-01 3.549464643001556396e-01
5.870113968849182129e-01 3.322620093822479248e-01
5.878571867942810059e-01 3.344601988792419434e-01
6.521340012550354004e-01 3.411441743373870850e-01
6.565965414047241211e-01 3.477651476860046387e-01
7.363340854644775391e-01 3.280628621578216553e-01
7.413130998611450195e-01 3.355618417263031006e-01
