3.690287470817565918e-01 3.611917197704315186e-01
3.626010119915008545e-01 3.572912812232971191e-01
3.641797900199890137e-01 3.629198074340820312e-01
3.739345073699951172e-01 3.400064706802368164e-01
3.669305443763732910e-01 3.543488383293151855e-01
4.112687110900878906e-01 3.114874362945556641e-01
4.128543138504028320e-01 3.338606953620910645e-01
4.568304419517517090e-01 2.972425818443298340e-01
4.548544585704803467e-01 3.374480605125427246e-01
4.878340661525726318e-01 3.185494840145111084e-01
4.360607266426086426e-01 3.799151778221130371e-01
5.156482458114624023e-01 2.819488644599914551e-01
5.159997940063476562e-01 3.006811738014221191e-01
5.804637670516967773e-01 2.982950508594512939e-01
5.891418457031250000e-01 3.139035701751708984e-01
6.533592343330383301e-01 2.735347747802734375e-01
6.595254540443420410e-01 3.027419149875640869e-01
