3.274729847908020020e-01 3.361800312995910645e-01
3.187603056430816650e-01 3.413290977478027344e-01
3.168729245662689209e-01 3.316805362701416016e-01
3.163436651229858398e-01 3.549577891826629639e-01
3.174943029880523682e-01 3.315194845199584961e-01
3.562046885490417480e-01 3.719687163829803467e-01
3.459274172782897949e-01 3.090232610702514648e-01
3.988021314144134521e-01 3.744374513626098633e-01
3.825314640998840332e-01 2.948280572891235352e-01
3.346323966979980469e-01 3.509219884872436523e-01
3.665959537029266357e-01 3.289152085781097412e-01
5.013642311096191406e-01 3.561196327209472656e-01
5.065026283264160156e-01 3.195264935493469238e-01
6.149959564208984375e-01 3.246272802352905273e-01
6.213005781173706055e-01 3.028199672698974609e-01
7.457873821258544922e-01 2.712383270263671875e-01
7.448139190673828125e-01 2.669526040554046631e-01
