4.984493851661682129e-01 4.715394973754882812e-01
4.906389117240905762e-01 4.712819755077362061e-01
4.924699962139129639e-01 4.673185348510742188e-01
4.908683300018310547e-01 4.769346117973327637e-01
4.925291538238525391e-01 4.667509496212005615e-01
5.175716876983642578e-01 4.791736304759979248e-01
5.226101875305175781e-01 4.462553858757019043e-01
5.613402128219604492e-01 4.823132157325744629e-01
5.570648908615112305e-01 4.417191445827484131e-01
5.851453542709350586e-01 4.746872186660766602e-01
5.913085341453552246e-01 4.582583904266357422e-01
6.124492883682250977e-01 4.728701114654541016e-01
6.111096143722534180e-01 4.495883882045745850e-01
6.720708608627319336e-01 4.648328721523284912e-01
6.804997324943542480e-01 4.529175162315368652e-01
7.747170329093933105e-01 4.612054824829101562e-01
7.841340899467468262e-01 4.553331136703491211e-01
