3.000421524047851562e-01 3.371728658676147461e-01
2.910038232803344727e-01 3.360681533813476562e-01
2.923384308815002441e-01 3.361862897872924805e-01
2.952634990215301514e-01 3.306632339954376221e-01
2.963523864746093750e-01 3.275154829025268555e-01
3.256646096706390381e-01 3.203035295009613037e-01
3.334914147853851318e-01 2.976393401622772217e-01
3.216874301433563232e-01 3.594698607921600342e-01
3.205859661102294922e-01 3.274204432964324951e-01
2.919450402259826660e-01 3.990784287452697754e-01
2.902866303920745850e-01 3.774331510066986084e-01
4.509265422821044922e-01 3.067141771316528320e-01
4.495664238929748535e-01 2.858817577362060547e-01
5.404654741287231445e-01 3.099146187305450439e-01
5.486750602722167969e-01 2.887828648090362549e-01
6.332049965858459473e-01 2.689391076564788818e-01
6.350814104080200195e-01 2.487416714429855347e-01
