5.129293203353881836e-01 3.163341581821441650e-01
5.103141665458679199e-01 3.154240250587463379e-01
5.116963386535644531e-01 3.154241144657135010e-01
5.201058387756347656e-01 3.087556958198547363e-01
5.203633308410644531e-01 3.085288405418395996e-01
5.499300360679626465e-01 3.036935925483703613e-01
5.509356856346130371e-01 2.987984716892242432e-01
5.277820825576782227e-01 3.049422204494476318e-01
5.272037982940673828e-01 3.015260100364685059e-01
5.230162143707275391e-01 3.072087466716766357e-01
5.230807065963745117e-01 3.043049871921539307e-01
6.223171949386596680e-01 3.001520633697509766e-01
6.114017367362976074e-01 2.981107234954833984e-01
6.731638908386230469e-01 2.950142323970794678e-01
6.631526947021484375e-01 2.945130467414855957e-01
7.667512893676757812e-01 3.118151128292083740e-01
7.631091475486755371e-01 3.073023259639739990e-01
