3.035982847213745117e-01 2.578299939632415771e-01
2.974144816398620605e-01 2.575327754020690918e-01
2.988621592521667480e-01 2.602761685848236084e-01
2.974766492843627930e-01 2.052177488803863525e-01
3.001295924186706543e-01 2.529486715793609619e-01
3.381890058517456055e-01 1.900778412818908691e-01
3.379178643226623535e-01 1.976797282695770264e-01
3.807011842727661133e-01 1.979272365570068359e-01
3.788577020168304443e-01 1.995870471000671387e-01
3.827165067195892334e-01 2.099779844284057617e-01
3.759475946426391602e-01 2.420849800109863281e-01
4.792914390563964844e-01 1.980295628309249878e-01
4.806996285915374756e-01 1.975415796041488647e-01
5.810345411300659180e-01 2.034463584423065186e-01
5.812127590179443359e-01 2.045227289199829102e-01
6.885890960693359375e-01 2.088440656661987305e-01
7.072569131851196289e-01 1.779367625713348389e-01
