3.920550942420959473e-01 3.281766474246978760e-01
3.882177472114562988e-01 3.233441114425659180e-01
3.872301578521728516e-01 3.274554014205932617e-01
3.909626603126525879e-01 3.161083459854125977e-01
3.877229392528533936e-01 3.237051367759704590e-01
4.218375086784362793e-01 3.145012259483337402e-01
4.241120517253875732e-01 3.291553854942321777e-01
4.665325582027435303e-01 2.951163053512573242e-01
4.649970531463623047e-01 3.356402516365051270e-01
5.116771459579467773e-01 3.168523311614990234e-01
5.261054039001464844e-01 3.373070955276489258e-01
5.243074893951416016e-01 3.121005892753601074e-01
5.248022079467773438e-01 3.320543169975280762e-01
5.961974859237670898e-01 3.099408447742462158e-01
5.973996520042419434e-01 3.313198089599609375e-01
6.583234667778015137e-01 3.152647614479064941e-01
6.457041501998901367e-01 3.294938802719116211e-01
