3.745451569557189941e-01 3.297055661678314209e-01
3.688444495201110840e-01 3.316442370414733887e-01
3.674492835998535156e-01 3.305570185184478760e-01
3.727305531501770020e-01 3.269336819648742676e-01
3.710049092769622803e-01 3.327591121196746826e-01
4.018594920635223389e-01 3.262816071510314941e-01
4.083242416381835938e-01 3.399604558944702148e-01
4.531748890876770020e-01 3.115219175815582275e-01
4.497832655906677246e-01 3.430747687816619873e-01
5.025767087936401367e-01 3.110707998275756836e-01
5.058717727661132812e-01 3.440327048301696777e-01
5.111207962036132812e-01 3.059719502925872803e-01
5.064840316772460938e-01 3.321554362773895264e-01
5.983794331550598145e-01 3.058524727821350098e-01
5.951892137527465820e-01 3.310283422470092773e-01
6.540939807891845703e-01 3.060912489891052246e-01
7.048005461692810059e-01 3.187747597694396973e-01
