4.987197518348693848e-01 3.640409708023071289e-01
5.045728683471679688e-01 3.541221022605895996e-01
5.059162974357604980e-01 3.611712157726287842e-01
5.066100358963012695e-01 3.476549386978149414e-01
5.034718513488769531e-01 3.646959662437438965e-01
5.240762829780578613e-01 3.423161506652832031e-01
5.206475257873535156e-01 3.567374348640441895e-01
5.633227229118347168e-01 3.389479517936706543e-01
5.654047131538391113e-01 3.663586080074310303e-01
5.832897424697875977e-01 3.645039200782775879e-01
5.828537940979003906e-01 3.684298396110534668e-01
6.003715395927429199e-01 3.383423686027526855e-01
6.028274893760681152e-01 3.454521596431732178e-01
6.909836530685424805e-01 3.352831304073333740e-01
6.892413496971130371e-01 3.395155668258666992e-01
7.957526445388793945e-01 3.254898488521575928e-01
7.945612668991088867e-01 3.378441929817199707e-01
