4.507662057876586914e-01 3.894233703613281250e-01
4.551805257797241211e-01 3.878013491630554199e-01
4.442876577377319336e-01 3.953805863857269287e-01
4.727837741374969482e-01 3.808006942272186279e-01
4.716194570064544678e-01 3.894261717796325684e-01
4.902985990047454834e-01 3.632636070251464844e-01
4.877458810806274414e-01 3.662700355052947998e-01
4.031406044960021973e-01 3.989539146423339844e-01
4.042022228240966797e-01 3.974950313568115234e-01
2.615531682968139648e-01 3.824420571327209473e-01
2.627720534801483154e-01 3.840248286724090576e-01
5.642657876014709473e-01 3.487541675567626953e-01
5.570572614669799805e-01 3.513889312744140625e-01
6.813203096389770508e-01 3.337784707546234131e-01
6.838490366935729980e-01 3.325539529323577881e-01
7.943323850631713867e-01 3.363532423973083496e-01
7.960046529769897461e-01 3.323855400085449219e-01
