4.899868965148925781e-01 3.882309198379516602e-01
4.934179186820983887e-01 3.850998580455780029e-01
4.942932128906250000e-01 3.846873939037322998e-01
4.950154423713684082e-01 3.797243535518646240e-01
5.011743903160095215e-01 3.749755620956420898e-01
5.165917277336120605e-01 3.899644017219543457e-01
5.113825798034667969e-01 3.634189069271087646e-01
5.142788887023925781e-01 4.137698113918304443e-01
5.203167796134948730e-01 3.724035620689392090e-01
5.310209989547729492e-01 4.122477471828460693e-01
5.606127977371215820e-01 3.558607995510101318e-01
5.917941331863403320e-01 3.885731399059295654e-01
5.929781198501586914e-01 3.648916482925415039e-01
7.037262320518493652e-01 3.820520043373107910e-01
7.095940113067626953e-01 3.650214374065399170e-01
8.104670047760009766e-01 3.808644711971282959e-01
8.042569160461425781e-01 3.689479827880859375e-01
