3.934597969055175781e-01 5.890145897865295410e-01
3.813679814338684082e-01 5.953744649887084961e-01
3.864657878875732422e-01 5.865528583526611328e-01
3.851115405559539795e-01 6.161287426948547363e-01
3.915385603904724121e-01 5.970531702041625977e-01
4.184113144874572754e-01 6.414695382118225098e-01
4.452798962593078613e-01 6.089615225791931152e-01
3.643085658550262451e-01 6.165683269500732422e-01
5.067681670188903809e-01 6.078557968139648438e-01
3.253787159919738770e-01 5.714482069015502930e-01
4.981803894042968750e-01 5.884931087493896484e-01
5.699185132980346680e-01 6.749908328056335449e-01
5.804842710494995117e-01 6.508799195289611816e-01
7.005035281181335449e-01 6.814574003219604492e-01
7.016667127609252930e-01 6.626036763191223145e-01
8.405681848526000977e-01 6.879824995994567871e-01
8.372006416320800781e-01 6.837660074234008789e-01
