4.447216391563415527e-01 5.283287763595581055e-01
4.401450157165527344e-01 5.315223336219787598e-01
4.403003454208374023e-01 5.261465311050415039e-01
4.409386813640594482e-01 5.363816022872924805e-01
4.408266544342041016e-01 5.234424471855163574e-01
4.555457830429077148e-01 5.392656326293945312e-01
4.606015384197235107e-01 5.223094224929809570e-01
4.711925387382507324e-01 5.408613085746765137e-01
4.702232778072357178e-01 5.195165276527404785e-01
4.884419143199920654e-01 5.344517230987548828e-01
4.894885718822479248e-01 5.196571350097656250e-01
4.996461272239685059e-01 5.365505218505859375e-01
5.007058382034301758e-01 5.264654159545898438e-01
5.329232811927795410e-01 5.324645638465881348e-01
5.333290100097656250e-01 5.264068841934204102e-01
5.814577937126159668e-01 5.315618515014648438e-01
5.794449448585510254e-01 5.239660739898681641e-01
