4.988898634910583496e-01 3.500087261199951172e-01
4.940856397151947021e-01 3.577889800071716309e-01
4.858277440071105957e-01 3.534061610698699951e-01
5.001475811004638672e-01 3.566209971904754639e-01
4.839015007019042969e-01 3.346658647060394287e-01
5.408468842506408691e-01 3.386868238449096680e-01
5.192474722862243652e-01 2.977845668792724609e-01
5.847590565681457520e-01 3.341012001037597656e-01
5.831657648086547852e-01 2.791278362274169922e-01
5.339004993438720703e-01 3.630379438400268555e-01
5.299581885337829590e-01 3.468769788742065430e-01
6.440682411193847656e-01 2.906435132026672363e-01
6.334387063980102539e-01 2.529987692832946777e-01
7.328672409057617188e-01 2.939126491546630859e-01
7.350628376007080078e-01 2.288379371166229248e-01
8.463627099990844727e-01 2.952132821083068848e-01
8.365594744682312012e-01 2.058019936084747314e-01
