4.491914212703704834e-01 3.631232976913452148e-01
4.480792284011840820e-01 3.631926178932189941e-01
4.492224454879760742e-01 3.651338517665863037e-01
4.509273171424865723e-01 3.695011138916015625e-01
4.513345360755920410e-01 3.721902370452880859e-01
4.553258419036865234e-01 3.806101977825164795e-01
4.539014697074890137e-01 3.796911835670471191e-01
4.847295284271240234e-01 3.561426997184753418e-01
4.686104655265808105e-01 3.528088331222534180e-01
5.167187452316284180e-01 3.008108139038085938e-01
5.087997913360595703e-01 2.958548665046691895e-01
5.080680251121520996e-01 3.813893198966979980e-01
5.091363191604614258e-01 3.804368376731872559e-01
5.855511426925659180e-01 3.665756881237030029e-01
5.712867975234985352e-01 3.640551567077636719e-01
6.611310243606567383e-01 3.701163232326507568e-01
6.393857598304748535e-01 3.718275427818298340e-01
