3.955936133861541748e-01 3.893352746963500977e-01
3.914620876312255859e-01 3.836964070796966553e-01
3.926823735237121582e-01 3.936495482921600342e-01
3.973701894283294678e-01 3.681334853172302246e-01
3.957840204238891602e-01 3.952369093894958496e-01
4.283298850059509277e-01 3.381341695785522461e-01
4.287198483943939209e-01 3.913931250572204590e-01
4.655504226684570312e-01 3.462076187133789062e-01
4.677109718322753906e-01 3.903901576995849609e-01
5.108373761177062988e-01 3.557705581188201904e-01
5.254952311515808105e-01 3.843573927879333496e-01
5.239133834838867188e-01 3.505867123603820801e-01
5.265499353408813477e-01 3.832814693450927734e-01
5.910888314247131348e-01 3.530077338218688965e-01
5.904067754745483398e-01 3.803054988384246826e-01
6.592655181884765625e-01 3.559432625770568848e-01
6.515980958938598633e-01 3.758528828620910645e-01
