4.067812561988830566e-01 6.093463897705078125e-01
3.973219990730285645e-01 6.149430274963378906e-01
4.005796313285827637e-01 6.136180162429809570e-01
4.045134782791137695e-01 6.358022093772888184e-01
4.059906899929046631e-01 6.277706027030944824e-01
4.370687901973724365e-01 6.521568298339843750e-01
4.468584060668945312e-01 6.456897854804992676e-01
3.939900398254394531e-01 6.549623012542724609e-01
4.006042480468750000e-01 6.329760551452636719e-01
3.386573791503906250e-01 6.118851900100708008e-01
3.231850266456604004e-01 5.898730158805847168e-01
6.035486459732055664e-01 6.461608409881591797e-01
6.056371331214904785e-01 6.648135185241699219e-01
7.366747856140136719e-01 6.038413643836975098e-01
7.387296557426452637e-01 6.419997811317443848e-01
8.856360316276550293e-01 5.770766735076904297e-01
8.780065774917602539e-01 6.537461876869201660e-01
