5.241663455963134766e-01 2.899512648582458496e-01
5.163791179656982422e-01 2.927001416683197021e-01
5.168334245681762695e-01 2.920509576797485352e-01
5.175644159317016602e-01 2.898682951927185059e-01
5.158593654632568359e-01 2.777954936027526855e-01
5.514795780181884766e-01 2.962596714496612549e-01
5.585348606109619141e-01 2.669055163860321045e-01
6.029238700866699219e-01 3.015229105949401855e-01
6.003367900848388672e-01 2.530778348445892334e-01
6.642779111862182617e-01 2.910244464874267578e-01
6.558986902236938477e-01 2.496778666973114014e-01
6.588805317878723145e-01 2.808091342449188232e-01
6.589341759681701660e-01 2.625067830085754395e-01
7.478381395339965820e-01 2.744303345680236816e-01
7.534942626953125000e-01 2.566738426685333252e-01
8.563823699951171875e-01 2.589044272899627686e-01
8.589714765548706055e-01 2.409248650074005127e-01
