5.559964179992675781e-01 3.252953290939331055e-01
5.475780367851257324e-01 3.281388878822326660e-01
5.493267178535461426e-01 3.195568919181823730e-01
5.540483593940734863e-01 3.308524489402770996e-01
5.578566193580627441e-01 3.156001269817352295e-01
5.943286418914794922e-01 3.550863862037658691e-01
5.964169502258300781e-01 3.225040733814239502e-01
6.819187998771667480e-01 3.963621556758880615e-01
6.797362565994262695e-01 3.661063611507415771e-01
7.190736532211303711e-01 4.002653956413269043e-01
6.403013467788696289e-01 3.048354685306549072e-01
7.225474119186401367e-01 3.913439512252807617e-01
7.239426970481872559e-01 3.666368722915649414e-01
8.229668140411376953e-01 4.142267405986785889e-01
8.283943533897399902e-01 3.888647556304931641e-01
8.853995800018310547e-01 4.023714065551757812e-01
9.012700319290161133e-01 3.992389440536499023e-01
