4.794484972953796387e-01 4.611210227012634277e-01
4.772343039512634277e-01 4.636025428771972656e-01
5.232074856758117676e-01 3.221594691276550293e-01
4.785329997539520264e-01 4.640089273452758789e-01
5.256314873695373535e-01 3.170703053474426270e-01
4.879907369613647461e-01 4.711496829986572266e-01
4.905767142772674561e-01 4.648478627204895020e-01
5.112193822860717773e-01 4.769422411918640137e-01
5.082130432128906250e-01 4.676550030708312988e-01
5.362060666084289551e-01 4.840076863765716553e-01
5.219953060150146484e-01 4.751426875591278076e-01
5.269681811332702637e-01 4.793016314506530762e-01
5.312535166740417480e-01 4.677573442459106445e-01
5.566616058349609375e-01 4.684835076332092285e-01
5.484972000122070312e-01 4.655537605285644531e-01
5.899424552917480469e-01 4.745040833950042725e-01
5.899829864501953125e-01 4.792518019676208496e-01
