3.961597084999084473e-01 1.057985350489616394e-01
3.929842710494995117e-01 1.076097637414932251e-01
3.935961425304412842e-01 1.073494181036949158e-01
3.898772001266479492e-01 1.094943284988403320e-01
3.908042311668395996e-01 1.077262610197067261e-01
4.038206040859222412e-01 1.020338088274002075e-01
4.046233594417572021e-01 1.015800833702087402e-01
4.252469539642333984e-01 1.115951985120773315e-01
4.257661700248718262e-01 1.075759977102279663e-01
4.369149804115295410e-01 1.134242415428161621e-01
4.375056624412536621e-01 1.102315708994865417e-01
4.393779635429382324e-01 1.068604439496994019e-01
4.409510493278503418e-01 1.066509634256362915e-01
4.606030881404876709e-01 1.097051501274108887e-01
4.607269465923309326e-01 1.078410744667053223e-01
4.923135042190551758e-01 1.138682588934898376e-01
4.859324097633361816e-01 1.114544570446014404e-01
