4.339078664779663086e-01 3.303832709789276123e-01
4.289786517620086670e-01 3.313022255897521973e-01
4.249019622802734375e-01 3.250776529312133789e-01
4.353717267513275146e-01 3.327731490135192871e-01
4.265386760234832764e-01 3.074460625648498535e-01
4.814803302288055420e-01 3.278584778308868408e-01
4.657604098320007324e-01 2.749734818935394287e-01
5.296790599822998047e-01 3.095424771308898926e-01
5.194026231765747070e-01 2.590206563472747803e-01
5.867952108383178711e-01 2.900841832160949707e-01
5.740208029747009277e-01 2.505791783332824707e-01
5.813951492309570312e-01 2.931066751480102539e-01
5.804649591445922852e-01 2.646210193634033203e-01
6.590173840522766113e-01 2.802607119083404541e-01
6.611451506614685059e-01 2.559415996074676514e-01
7.218520045280456543e-01 2.646491527557373047e-01
7.629259824752807617e-01 2.212277352809906006e-01
