5.300144553184509277e-01 2.878464162349700928e-01
5.242238044738769531e-01 2.923473417758941650e-01
5.245047807693481445e-01 2.871973514556884766e-01
5.323830842971801758e-01 3.011541068553924561e-01
5.340732932090759277e-01 2.760942578315734863e-01
5.643024444580078125e-01 3.137946128845214844e-01
5.783147811889648438e-01 2.679437994956970215e-01
5.711278915405273438e-01 3.524185419082641602e-01
5.994389057159423828e-01 2.490914165973663330e-01
5.660715103149414062e-01 3.938235044479370117e-01
5.718315243721008301e-01 2.497052550315856934e-01
6.969457864761352539e-01 3.145478069782257080e-01
6.997517943382263184e-01 2.805317044258117676e-01
8.035130500793457031e-01 3.153471946716308594e-01
8.071783781051635742e-01 2.926548719406127930e-01
9.167565107345581055e-01 3.177392482757568359e-01
9.280046224594116211e-01 2.860124111175537109e-01
