4.257899224758148193e-01 5.454321503639221191e-01
4.247871339321136475e-01 5.566065907478332520e-01
4.234067797660827637e-01 5.435591936111450195e-01
4.261962175369262695e-01 5.614021420478820801e-01
4.243203103542327881e-01 5.422453880310058594e-01
4.453184306621551514e-01 5.677667856216430664e-01
4.489152431488037109e-01 5.525084137916564941e-01
4.677503108978271484e-01 5.756371021270751953e-01
4.677094817161560059e-01 5.542222261428833008e-01
4.871481060981750488e-01 5.780858993530273438e-01
4.824504852294921875e-01 5.588310360908508301e-01
4.984483420848846436e-01 5.727280378341674805e-01
4.996010065078735352e-01 5.650984048843383789e-01
5.218701958656311035e-01 5.709263086318969727e-01
5.233250856399536133e-01 5.672910809516906738e-01
5.776146650314331055e-01 5.717829465866088867e-01
5.769248008728027344e-01 5.766819715499877930e-01
