4.517579674720764160e-01 5.795673131942749023e-01
4.470941424369812012e-01 5.839971899986267090e-01
4.454988837242126465e-01 5.779739022254943848e-01
4.499094188213348389e-01 5.912539958953857422e-01
4.454860091209411621e-01 5.693667531013488770e-01
4.915276467800140381e-01 6.078754663467407227e-01
4.851285815238952637e-01 5.581853389739990234e-01
5.420359969139099121e-01 6.206972002983093262e-01
5.273232460021972656e-01 5.487895607948303223e-01
5.530168414115905762e-01 6.078342199325561523e-01
5.559340119361877441e-01 5.586695671081542969e-01
5.817036628723144531e-01 6.008809804916381836e-01
5.768075585365295410e-01 5.669422149658203125e-01
6.588674187660217285e-01 5.962297320365905762e-01
6.613624095916748047e-01 5.667287707328796387e-01
7.355755567550659180e-01 5.969852209091186523e-01
7.319571971893310547e-01 5.682131052017211914e-01
