3.307520449161529541e-01 1.986951678991317749e-01
3.171266019344329834e-01 2.106952965259552002e-01
3.211627006530761719e-01 1.960105150938034058e-01
3.195831179618835449e-01 2.171659320592880249e-01
3.245189487934112549e-01 1.863102167844772339e-01
3.635086715221405029e-01 2.273955792188644409e-01
3.642352819442749023e-01 1.723805367946624756e-01
4.052475094795227051e-01 2.509263157844543457e-01
4.322730898857116699e-01 1.515627503395080566e-01
4.907436966896057129e-01 2.120800614356994629e-01
4.878284633159637451e-01 1.700738519430160522e-01
4.897558689117431641e-01 2.108617424964904785e-01
4.936933517456054688e-01 1.696117371320724487e-01
5.856974720954895020e-01 2.128941118717193604e-01
5.810601711273193359e-01 1.606053709983825684e-01
7.035300731658935547e-01 2.130160182714462280e-01
6.950553655624389648e-01 1.382939815521240234e-01
