4.447314739227294922e-01 5.554599761962890625e-01
4.418946504592895508e-01 5.567109584808349609e-01
4.409106373786926270e-01 5.509481430053710938e-01
4.453470110893249512e-01 5.620549321174621582e-01
4.438163936138153076e-01 5.503932833671569824e-01
4.616958796977996826e-01 5.687663555145263672e-01
4.681171178817749023e-01 5.587136149406433105e-01
4.812052249908447266e-01 5.757313370704650879e-01
4.830645322799682617e-01 5.560567378997802734e-01
4.956569075584411621e-01 5.694053173065185547e-01
4.933391511440277100e-01 5.587565898895263672e-01
5.052728652954101562e-01 5.733673572540283203e-01
5.080033540725708008e-01 5.629231929779052734e-01
5.346369743347167969e-01 5.682830810546875000e-01
5.268132686614990234e-01 5.651604533195495605e-01
5.801315307617187500e-01 5.652568340301513672e-01
5.775108933448791504e-01 5.640178918838500977e-01
