5.946567654609680176e-01 3.062794208526611328e-01
5.789940953254699707e-01 3.076490759849548340e-01
5.793521404266357422e-01 2.987104654312133789e-01
5.844798088073730469e-01 3.158280849456787109e-01
5.820175409317016602e-01 2.923113703727722168e-01
6.155360341072082520e-01 3.330504894256591797e-01
6.104100346565246582e-01 2.827677130699157715e-01
6.494302153587341309e-01 3.588265180587768555e-01
6.591557860374450684e-01 2.945075035095214844e-01
6.698085069656372070e-01 3.735147118568420410e-01
6.938567161560058594e-01 3.137754797935485840e-01
7.144094705581665039e-01 3.431183099746704102e-01
7.182434797286987305e-01 3.135249018669128418e-01
7.884260416030883789e-01 3.480375707149505615e-01
7.899893522262573242e-01 3.259898424148559570e-01
8.626620769500732422e-01 3.734723925590515137e-01
8.415583968162536621e-01 3.308467566967010498e-01
