5.640952587127685547e-01 3.017768859863281250e-01
5.569005012512207031e-01 3.027363717555999756e-01
5.584017038345336914e-01 2.988274693489074707e-01
5.645731091499328613e-01 3.114804029464721680e-01
5.660800337791442871e-01 3.023844361305236816e-01
5.964098572731018066e-01 3.369688987731933594e-01
5.959528684616088867e-01 3.209595084190368652e-01
6.410882472991943359e-01 3.422213196754455566e-01
6.286910176277160645e-01 3.160804808139801025e-01
6.315811276435852051e-01 2.998769283294677734e-01
6.046687364578247070e-01 2.904707193374633789e-01
7.080340385437011719e-01 3.644993305206298828e-01
7.092863321304321289e-01 3.551551699638366699e-01
8.036564588546752930e-01 3.738114237785339355e-01
8.036453127861022949e-01 3.709189593791961670e-01
8.813012838363647461e-01 3.703342676162719727e-01
8.756328821182250977e-01 3.671745657920837402e-01
