4.069741666316986084e-01 1.109271198511123657e-01
4.037242531776428223e-01 1.131622791290283203e-01
4.043172001838684082e-01 1.117521971464157104e-01
4.005187153816223145e-01 1.148575246334075928e-01
4.006278514862060547e-01 1.102589517831802368e-01
4.133205115795135498e-01 1.099764257669448853e-01
4.175876379013061523e-01 1.042110845446586609e-01
4.351955056190490723e-01 1.158427149057388306e-01
4.312456250190734863e-01 1.063630729913711548e-01
4.449221789836883545e-01 1.158107444643974304e-01
4.512002170085906982e-01 1.163209676742553711e-01
4.531043469905853271e-01 1.122406646609306335e-01
4.559720456600189209e-01 1.111996993422508240e-01
4.605478048324584961e-01 1.139927357435226440e-01
4.664218425750732422e-01 1.145436391234397888e-01
4.909950196743011475e-01 1.126421540975570679e-01
4.917001724243164062e-01 1.143843233585357666e-01
