4.657960534095764160e-01 3.821442723274230957e-01
4.611093401908874512e-01 3.798721730709075928e-01
4.604912400245666504e-01 3.828223347663879395e-01
4.636613130569458008e-01 3.670441508293151855e-01
4.569169878959655762e-01 3.688077330589294434e-01
4.857655167579650879e-01 3.584161698818206787e-01
4.912394881248474121e-01 3.545688092708587646e-01
5.387842655181884766e-01 3.697494864463806152e-01
5.382621288299560547e-01 3.414373993873596191e-01
5.633016824722290039e-01 3.809025883674621582e-01
5.815918445587158203e-01 3.586268126964569092e-01
5.793079733848571777e-01 3.438187539577484131e-01
5.774718523025512695e-01 3.341644704341888428e-01
6.509016156196594238e-01 3.489429652690887451e-01
6.525855064392089844e-01 3.389052748680114746e-01
7.377498149871826172e-01 3.382311761379241943e-01
7.420390844345092773e-01 3.283410072326660156e-01
