5.260340571403503418e-01 2.770791351795196533e-01
5.179830193519592285e-01 2.875404953956604004e-01
5.164412856101989746e-01 2.719807922840118408e-01
5.236217975616455078e-01 2.911736071109771729e-01
5.205165147781372070e-01 2.572358548641204834e-01
5.675505399703979492e-01 2.943682372570037842e-01
5.631237030029296875e-01 2.439825385808944702e-01
6.203691959381103516e-01 2.956252098083496094e-01
6.217090487480163574e-01 2.461684197187423706e-01
6.825883388519287109e-01 3.050743937492370605e-01
6.833614110946655273e-01 2.609778344631195068e-01
6.851693391799926758e-01 2.829223871231079102e-01
6.847414970397949219e-01 2.479159832000732422e-01
7.920622229576110840e-01 2.738041281700134277e-01
7.935974001884460449e-01 2.528899908065795898e-01
8.936011195182800293e-01 2.714661955833435059e-01
8.928883075714111328e-01 2.514981031417846680e-01
