4.431389272212982178e-01 5.931519269943237305e-01
4.356698691844940186e-01 6.005032658576965332e-01
4.348006248474121094e-01 5.894643664360046387e-01
4.422981441020965576e-01 6.067540049552917480e-01
4.407228827476501465e-01 5.812999606132507324e-01
4.777038693428039551e-01 6.187700033187866211e-01
4.785075187683105469e-01 5.777940750122070312e-01
5.234309434890747070e-01 6.390720009803771973e-01
5.216666460037231445e-01 5.668057799339294434e-01
5.508078932762145996e-01 6.241051554679870605e-01
5.487444400787353516e-01 5.709208250045776367e-01
5.773679614067077637e-01 6.165994405746459961e-01
5.749793648719787598e-01 5.789599418640136719e-01
6.561294198036193848e-01 6.134572029113769531e-01
6.579997539520263672e-01 5.856464505195617676e-01
7.288990020751953125e-01 6.072671413421630859e-01
7.275403738021850586e-01 5.707094669342041016e-01
