3.240424692630767822e-01 3.325753509998321533e-01
3.233407735824584961e-01 3.359646797180175781e-01
3.230970799922943115e-01 3.307224512100219727e-01
3.264206051826477051e-01 3.398327827453613281e-01
3.240379393100738525e-01 3.273423910140991211e-01
3.460443615913391113e-01 3.460391461849212646e-01
3.432460427284240723e-01 3.314770460128784180e-01
3.682473599910736084e-01 3.507009744644165039e-01
3.653072714805603027e-01 3.246636986732482910e-01
3.859559297561645508e-01 3.350859582424163818e-01
3.766991496086120605e-01 3.296772241592407227e-01
3.909037113189697266e-01 3.412221670150756836e-01
3.949442505836486816e-01 3.206422924995422363e-01
4.078909158706665039e-01 3.489199280738830566e-01
4.119079709053039551e-01 3.233064413070678711e-01
4.392381608486175537e-01 3.341572284698486328e-01
4.442311227321624756e-01 3.169728815555572510e-01
