3.561212718486785889e-01 3.586305379867553711e-01
3.493096530437469482e-01 3.595920205116271973e-01
3.479063212871551514e-01 3.544537723064422607e-01
3.553581833839416504e-01 3.597259521484375000e-01
3.486023843288421631e-01 3.413985669612884521e-01
3.931868076324462891e-01 3.647830486297607422e-01
3.920261263847351074e-01 3.313158750534057617e-01
4.328484237194061279e-01 3.580119013786315918e-01
4.365969598293304443e-01 3.103791475296020508e-01
4.749631285667419434e-01 3.492622971534729004e-01
4.856352806091308594e-01 3.108605742454528809e-01
4.931227564811706543e-01 3.327624201774597168e-01
4.943754076957702637e-01 3.122684359550476074e-01
5.675257444381713867e-01 3.208891749382019043e-01
5.692137479782104492e-01 3.001536726951599121e-01
6.645242571830749512e-01 3.037502169609069824e-01
6.561129093170166016e-01 2.864959537982940674e-01
