4.078226089477539062e-01 6.094086170196533203e-01
3.982819914817810059e-01 6.148064732551574707e-01
4.023107886314392090e-01 6.100993752479553223e-01
4.041817188262939453e-01 6.330263018608093262e-01
4.107105135917663574e-01 6.178894639015197754e-01
4.430521130561828613e-01 6.642433404922485352e-01
4.607893824577331543e-01 6.136646866798400879e-01
3.697617053985595703e-01 6.492488384246826172e-01
4.060331284999847412e-01 6.275920867919921875e-01
3.406188189983367920e-01 6.244894266128540039e-01
5.201709270477294922e-01 5.810843706130981445e-01
6.106415390968322754e-01 6.647515296936035156e-01
6.113284230232238770e-01 6.183843612670898438e-01
7.422682046890258789e-01 6.554552316665649414e-01
7.388457059860229492e-01 6.114459633827209473e-01
8.708137869834899902e-01 6.727269887924194336e-01
8.824416995048522949e-01 6.023848056793212891e-01
