5.214048624038696289e-01 2.374826371669769287e-01
5.150601863861083984e-01 2.469777762889862061e-01
5.145801901817321777e-01 2.318972349166870117e-01
5.257604122161865234e-01 2.525178492069244385e-01
5.245019793510437012e-01 2.219291031360626221e-01
5.710333585739135742e-01 2.651812732219696045e-01
5.751243233680725098e-01 2.147563993930816650e-01
6.193897724151611328e-01 2.637488245964050293e-01
6.263883709907531738e-01 2.144792079925537109e-01
6.814736723899841309e-01 2.684196531772613525e-01
6.866054534912109375e-01 2.395319789648056030e-01
7.002932429313659668e-01 2.585070133209228516e-01
7.006857395172119141e-01 2.283947914838790894e-01
8.074030280113220215e-01 2.579240500926971436e-01
8.064152002334594727e-01 2.355206906795501709e-01
9.040623903274536133e-01 2.669456601142883301e-01
9.030491709709167480e-01 2.456430792808532715e-01
