4.754195213317871094e-01 3.498288393020629883e-01
4.686759710311889648e-01 3.504275977611541748e-01
4.694201350212097168e-01 3.475393950939178467e-01
4.708151817321777344e-01 3.413857817649841309e-01
4.694868028163909912e-01 3.385702371597290039e-01
4.958724677562713623e-01 3.501166999340057373e-01
5.025134086608886719e-01 3.242426514625549316e-01
5.390104651451110840e-01 3.988733291625976562e-01
5.532414317131042480e-01 2.915604114532470703e-01
5.987296700477600098e-01 4.128436744213104248e-01
6.339812278747558594e-01 2.628609538078308105e-01
5.965825319290161133e-01 3.586678504943847656e-01
5.986243486404418945e-01 3.212566971778869629e-01
6.483834981918334961e-01 3.059526383876800537e-01
6.519477367401123047e-01 2.956152260303497314e-01
7.321233749389648438e-01 2.929848134517669678e-01
7.347213029861450195e-01 2.815942764282226562e-01
