4.901872873306274414e-01 2.652909457683563232e-01
4.861294627189636230e-01 2.673770487308502197e-01
4.857785403728485107e-01 2.625228166580200195e-01
4.914530217647552490e-01 2.729965448379516602e-01
4.908629357814788818e-01 2.575857639312744141e-01
5.247519016265869141e-01 2.693848609924316406e-01
5.234186649322509766e-01 2.509585618972778320e-01
5.570212602615356445e-01 2.533517181873321533e-01
5.571257472038269043e-01 2.241872549057006836e-01
5.946204066276550293e-01 1.832767128944396973e-01
5.893461704254150391e-01 1.637281626462936401e-01
6.535739898681640625e-01 2.397489249706268311e-01
6.518982648849487305e-01 2.308165132999420166e-01
7.477228641510009766e-01 2.271907776594161987e-01
7.476629018783569336e-01 2.231901139020919800e-01
7.925744056701660156e-01 2.079142034053802490e-01
7.755820751190185547e-01 2.108321785926818848e-01
