4.383111000061035156e-01 3.644853234291076660e-01
4.325376152992248535e-01 3.635590970516204834e-01
4.333317875862121582e-01 3.659832477569580078e-01
4.365629553794860840e-01 3.526164889335632324e-01
4.395687282085418701e-01 3.597853183746337891e-01
4.577092528343200684e-01 3.363331556320190430e-01
4.624727368354797363e-01 3.441261053085327148e-01
4.976613521575927734e-01 3.429103791713714600e-01
5.012665390968322754e-01 3.464227914810180664e-01
5.228335857391357422e-01 3.590177297592163086e-01
5.249837636947631836e-01 3.559851348400115967e-01
5.370165109634399414e-01 3.217624425888061523e-01
5.371202826499938965e-01 3.270770907402038574e-01
6.060339212417602539e-01 3.187965452671051025e-01
6.059855818748474121e-01 3.207953572273254395e-01
6.798195242881774902e-01 2.921269536018371582e-01
6.829913854598999023e-01 2.841343283653259277e-01
