2.697003781795501709e-01 4.051399827003479004e-01
2.630285918712615967e-01 3.983005881309509277e-01
2.631173729896545410e-01 4.045796394348144531e-01
2.733015120029449463e-01 3.721641898155212402e-01
2.697959840297698975e-01 3.871049582958221436e-01
3.255864977836608887e-01 3.750530183315277100e-01
3.328270912170410156e-01 3.901530504226684570e-01
4.076771140098571777e-01 3.625484704971313477e-01
4.139850735664367676e-01 3.895564675331115723e-01
4.529016911983489990e-01 3.965080380439758301e-01
4.480606317520141602e-01 3.972210884094238281e-01
4.712749123573303223e-01 3.551872670650482178e-01
4.701265096664428711e-01 3.649232387542724609e-01
5.644955039024353027e-01 3.395798802375793457e-01
5.645045638084411621e-01 3.519459664821624756e-01
6.805340647697448730e-01 3.252963125705718994e-01
6.840654611587524414e-01 3.315542340278625488e-01
