3.322694897651672363e-01 3.442167937755584717e-01
3.284945785999298096e-01 3.455175757408142090e-01
3.266156911849975586e-01 3.444612622261047363e-01
3.287483453750610352e-01 3.357163071632385254e-01
3.277904689311981201e-01 3.447982668876647949e-01
3.584399223327636719e-01 3.352732658386230469e-01
3.573720157146453857e-01 3.442483842372894287e-01
3.920578360557556152e-01 3.505020141601562500e-01
4.000927209854125977e-01 3.417133092880249023e-01
4.377705454826354980e-01 3.528914153575897217e-01
4.360285401344299316e-01 3.506734967231750488e-01
4.546109437942504883e-01 3.313686847686767578e-01
4.566217660903930664e-01 3.312197923660278320e-01
5.664573907852172852e-01 2.956232726573944092e-01
5.551899671554565430e-01 3.055651783943176270e-01
6.361383199691772461e-01 3.329176008701324463e-01
6.367048025131225586e-01 3.339952826499938965e-01
