5.047909021377563477e-01 2.454861402511596680e-01
4.978820085525512695e-01 2.502835988998413086e-01
4.975276887416839600e-01 2.414924204349517822e-01
5.116978883743286133e-01 2.525826096534729004e-01
5.049614310264587402e-01 2.345305383205413818e-01
5.533330440521240234e-01 2.497147172689437866e-01
5.533838272094726562e-01 2.394135296344757080e-01
6.012440323829650879e-01 2.359221577644348145e-01
5.966342687606811523e-01 2.264444828033447266e-01
6.411687731742858887e-01 2.178665250539779663e-01
6.295811533927917480e-01 2.005611658096313477e-01
6.845643520355224609e-01 2.453119009733200073e-01
6.838659644126892090e-01 2.491744011640548706e-01
7.881783843040466309e-01 2.510212063789367676e-01
7.917368412017822266e-01 2.563804388046264648e-01
9.002835750579833984e-01 2.542376220226287842e-01
8.983837962150573730e-01 2.577272951602935791e-01
