4.117335975170135498e-01 6.459076404571533203e-01
4.068680405616760254e-01 6.404870152473449707e-01
4.067939519882202148e-01 6.549995541572570801e-01
4.221034049987792969e-01 6.492112278938293457e-01
4.230105280876159668e-01 6.801449060440063477e-01
4.761196076869964600e-01 6.200432777404785156e-01
4.558430314064025879e-01 6.946005821228027344e-01
5.472085475921630859e-01 5.824683904647827148e-01
4.233070611953735352e-01 7.708531618118286133e-01
5.478127002716064453e-01 5.410474538803100586e-01
4.069250822067260742e-01 7.595741152763366699e-01
6.292250752449035645e-01 6.344316005706787109e-01
6.204496622085571289e-01 6.962581872940063477e-01
7.734441161155700684e-01 6.428364515304565430e-01
7.562991976737976074e-01 6.830034255981445312e-01
9.153753519058227539e-01 6.506825685501098633e-01
9.046413898468017578e-01 6.986932158470153809e-01
