5.276961326599121094e-01 4.459407031536102295e-01
5.233610868453979492e-01 4.497975707054138184e-01
5.232660174369812012e-01 4.474595487117767334e-01
5.246840119361877441e-01 4.556292295455932617e-01
5.231387615203857422e-01 4.497761726379394531e-01
5.381106734275817871e-01 4.550041854381561279e-01
5.418323278427124023e-01 4.436812400817871094e-01
5.626751184463500977e-01 4.673799872398376465e-01
5.602637529373168945e-01 4.485467374324798584e-01
5.822598338127136230e-01 4.682647585868835449e-01
5.787625312805175781e-01 4.546799063682556152e-01
5.907682180404663086e-01 4.535671174526214600e-01
5.917126536369323730e-01 4.475854039192199707e-01
6.297748088836669922e-01 4.554463624954223633e-01
6.262977123260498047e-01 4.494393765926361084e-01
6.612204313278198242e-01 4.585632979869842529e-01
6.603795289993286133e-01 4.488313794136047363e-01
