4.101684689521789551e-01 4.226377606391906738e-01
4.167875647544860840e-01 4.206407666206359863e-01
4.160951077938079834e-01 4.206045269966125488e-01
4.171926379203796387e-01 4.211294353008270264e-01
3.998933732509613037e-01 4.213083982467651367e-01
4.430645406246185303e-01 4.137934446334838867e-01
4.245034456253051758e-01 4.027516841888427734e-01
4.504123628139495850e-01 4.138347804546356201e-01
4.278981685638427734e-01 4.060691297054290771e-01
3.657179772853851318e-01 4.484525918960571289e-01
3.622630238533020020e-01 4.446783661842346191e-01
5.616462230682373047e-01 3.737914264202117920e-01
5.628909468650817871e-01 3.534119725227355957e-01
6.791768074035644531e-01 3.470294177532196045e-01
6.796445250511169434e-01 3.382923305034637451e-01
7.977988123893737793e-01 3.475873172283172607e-01
7.987384796142578125e-01 3.388081490993499756e-01
