4.059081673622131348e-01 6.513277888298034668e-01
4.006462693214416504e-01 6.479788422584533691e-01
4.009372591972351074e-01 6.603655219078063965e-01
4.150927066802978516e-01 6.515551209449768066e-01
4.187210500240325928e-01 6.790550947189331055e-01
4.715181291103363037e-01 6.185226440429687500e-01
4.506733417510986328e-01 7.029619216918945312e-01
5.329174995422363281e-01 5.867868661880493164e-01
4.087260663509368896e-01 7.644431591033935547e-01
5.491514801979064941e-01 5.499732494354248047e-01
3.999950885772705078e-01 7.578544616699218750e-01
6.243216395378112793e-01 6.354749202728271484e-01
6.114893555641174316e-01 6.877655386924743652e-01
7.643903493881225586e-01 6.467247605323791504e-01
7.428128123283386230e-01 6.851207017898559570e-01
9.088885784149169922e-01 6.550837159156799316e-01
8.954295516014099121e-01 7.031363844871520996e-01
