3.882019221782684326e-01 4.008056819438934326e-01
3.832521140575408936e-01 3.981018066406250000e-01
3.848414123058319092e-01 4.074105918407440186e-01
3.891946971416473389e-01 3.866092562675476074e-01
3.880679309368133545e-01 4.113793969154357910e-01
4.164164662361145020e-01 3.564024865627288818e-01
4.200063347816467285e-01 4.100267291069030762e-01
4.617415666580200195e-01 3.548788428306579590e-01
4.717255234718322754e-01 4.014147222042083740e-01
5.136370658874511719e-01 3.643537461757659912e-01
5.314509272575378418e-01 3.906453251838684082e-01
5.175712108612060547e-01 3.424543738365173340e-01
5.257282257080078125e-01 3.811820149421691895e-01
6.018602252006530762e-01 3.554784655570983887e-01
6.063019633293151855e-01 3.656372725963592529e-01
6.847904920578002930e-01 3.520285785198211670e-01
6.592032909393310547e-01 3.572628498077392578e-01
