4.299779832363128662e-01 4.176593422889709473e-01
4.220151901245117188e-01 4.151444435119628906e-01
4.217004477977752686e-01 4.188536107540130615e-01
4.243174493312835693e-01 3.923834562301635742e-01
4.215718507766723633e-01 4.005026519298553467e-01
4.512474536895751953e-01 3.636018037796020508e-01
4.531513154506683350e-01 3.745979070663452148e-01
4.933124184608459473e-01 3.696267604827880859e-01
4.995190799236297607e-01 3.688979744911193848e-01
5.371946096420288086e-01 3.854736089706420898e-01
5.305419564247131348e-01 3.801775872707366943e-01
5.459155440330505371e-01 3.254507482051849365e-01
5.458630919456481934e-01 3.333114683628082275e-01
6.210285425186157227e-01 3.426365852355957031e-01
6.248059868812561035e-01 3.379964530467987061e-01
7.086448669433593750e-01 3.134008646011352539e-01
7.115959525108337402e-01 3.067456185817718506e-01
