4.533220231533050537e-01 2.859779894351959229e-01
4.466425776481628418e-01 2.888416349887847900e-01
4.442843198776245117e-01 2.785568237304687500e-01
4.551458060741424561e-01 3.006712198257446289e-01
4.506065249443054199e-01 2.652615308761596680e-01
4.976460933685302734e-01 3.068555593490600586e-01
5.061023235321044922e-01 2.567105889320373535e-01
5.495424866676330566e-01 3.265628516674041748e-01
5.637619495391845703e-01 2.226646542549133301e-01
5.310902595520019531e-01 3.535579442977905273e-01
6.073242425918579102e-01 2.231589555740356445e-01
6.316500306129455566e-01 3.003938198089599609e-01
6.323585510253906250e-01 2.706010043621063232e-01
7.281576991081237793e-01 2.935743927955627441e-01
7.299358844757080078e-01 2.879390120506286621e-01
8.432335853576660156e-01 3.018900156021118164e-01
8.453149795532226562e-01 2.848961353302001953e-01
