2.780950665473937988e-01 2.582388222217559814e-01
2.659827172756195068e-01 2.637485861778259277e-01
2.636565268039703369e-01 2.478514611721038818e-01
2.706344425678253174e-01 2.497542947530746460e-01
2.624886035919189453e-01 2.166834920644760132e-01
3.440274000167846680e-01 2.170273661613464355e-01
3.274910449981689453e-01 2.050721347332000732e-01
3.996863067150115967e-01 2.621292769908905029e-01
3.785873353481292725e-01 2.668999433517456055e-01
3.707994222640991211e-01 3.274557292461395264e-01
3.581075668334960938e-01 3.338356912136077881e-01
5.420429706573486328e-01 1.918857544660568237e-01
5.363443493843078613e-01 1.475293934345245361e-01
6.861965060234069824e-01 2.062719464302062988e-01
6.949373483657836914e-01 1.285163313150405884e-01
8.432404994964599609e-01 1.896275281906127930e-01
7.807934284210205078e-01 2.702581882476806641e-02
