4.356947541236877441e-01 2.803553938865661621e-01
4.330645203590393066e-01 2.754164040088653564e-01
4.324007630348205566e-01 2.836474776268005371e-01
4.394735693931579590e-01 2.762189507484436035e-01
4.387504756450653076e-01 2.962428629398345947e-01
4.686091840267181396e-01 2.828626632690429688e-01
4.739079177379608154e-01 3.163950443267822266e-01
5.111176967620849609e-01 2.773461937904357910e-01
5.119862556457519531e-01 3.337810933589935303e-01
5.193203687667846680e-01 2.936606407165527344e-01
5.513178706169128418e-01 3.350020647048950195e-01
5.633275508880615234e-01 3.057620823383331299e-01
5.643276572227478027e-01 3.331802785396575928e-01
6.253358125686645508e-01 3.147962093353271484e-01
6.253570914268493652e-01 3.323053717613220215e-01
7.151263952255249023e-01 3.392481803894042969e-01
7.254991531372070312e-01 3.450145423412322998e-01
