3.324669003486633301e-01 3.402988612651824951e-01
3.261138498783111572e-01 3.432229161262512207e-01
3.275353312492370605e-01 3.391415476799011230e-01
3.274028301239013672e-01 3.546784818172454834e-01
3.276198804378509521e-01 3.416306376457214355e-01
3.539828658103942871e-01 3.650094866752624512e-01
3.519467115402221680e-01 3.453634381294250488e-01
4.024252295494079590e-01 3.604769110679626465e-01
3.787642419338226318e-01 3.194923102855682373e-01
4.282248616218566895e-01 3.474668264389038086e-01
4.269305467605590820e-01 3.351926505565643311e-01
4.517613649368286133e-01 3.589647710323333740e-01
4.512913823127746582e-01 3.452147841453552246e-01
5.388390421867370605e-01 3.303131759166717529e-01
5.396226644515991211e-01 3.225362300872802734e-01
6.123777031898498535e-01 3.293340206146240234e-01
6.119825839996337891e-01 3.266408443450927734e-01
