4.383343160152435303e-01 5.268356800079345703e-01
4.293968379497528076e-01 5.238544344902038574e-01
4.352223873138427734e-01 5.240905284881591797e-01
4.333093762397766113e-01 5.300689935684204102e-01
4.308305680751800537e-01 5.213911533355712891e-01
4.542484879493713379e-01 5.383805036544799805e-01
4.566484689712524414e-01 5.394479036331176758e-01
4.812569022178649902e-01 5.343332886695861816e-01
4.784595370292663574e-01 5.361568927764892578e-01
5.028655529022216797e-01 5.448437929153442383e-01
5.002125501632690430e-01 5.444531440734863281e-01
5.014853477478027344e-01 5.435676574707031250e-01
5.022979974746704102e-01 5.417104959487915039e-01
5.372468829154968262e-01 5.410109758377075195e-01
5.371084213256835938e-01 5.437878370285034180e-01
5.964015126228332520e-01 5.466187000274658203e-01
5.924713015556335449e-01 5.488546490669250488e-01
