5.315872430801391602e-01 2.715311050415039062e-01
5.238456726074218750e-01 2.671504914760589600e-01
5.234355330467224121e-01 2.743269801139831543e-01
5.296342372894287109e-01 2.633769810199737549e-01
5.297438502311706543e-01 2.732913494110107422e-01
5.735526084899902344e-01 2.585955858230590820e-01
5.730572342872619629e-01 2.785896360874176025e-01
6.388061046600341797e-01 2.391099780797958374e-01
6.347707509994506836e-01 2.683365941047668457e-01
6.755937337875366211e-01 1.843156516551971436e-01
6.936194896697998047e-01 2.422671765089035034e-01
6.966912746429443359e-01 2.680240273475646973e-01
6.977742910385131836e-01 2.810869514942169189e-01
8.077833056449890137e-01 2.766594886779785156e-01
8.071602582931518555e-01 2.801323235034942627e-01
9.098832607269287109e-01 2.676597833633422852e-01
9.120472669601440430e-01 2.634155154228210449e-01
