3.906968533992767334e-01 3.283739686012268066e-01
3.860488533973693848e-01 3.242436051368713379e-01
3.849849104881286621e-01 3.282027244567871094e-01
3.894528150558471680e-01 3.172547817230224609e-01
3.862503767013549805e-01 3.241929709911346436e-01
4.214402437210083008e-01 3.093005120754241943e-01
4.235821962356567383e-01 3.285508453845977783e-01
4.699271321296691895e-01 2.927004992961883545e-01
4.661247730255126953e-01 3.306596875190734863e-01
5.134404897689819336e-01 3.144598603248596191e-01
5.243311524391174316e-01 3.307095766067504883e-01
5.281296968460083008e-01 3.011329472064971924e-01
5.286746025085449219e-01 3.240346312522888184e-01
6.089790463447570801e-01 3.028182983398437500e-01
6.102353930473327637e-01 3.246918320655822754e-01
7.130229473114013672e-01 2.975638806819915771e-01
7.159991264343261719e-01 3.182718157768249512e-01
