5.328704714775085449e-01 2.480310201644897461e-01
5.267301797866821289e-01 2.508513033390045166e-01
5.249028205871582031e-01 2.398744076490402222e-01
5.335528850555419922e-01 2.592960298061370850e-01
5.326102972030639648e-01 2.258438169956207275e-01
5.738463401794433594e-01 2.693009376525878906e-01
5.843120813369750977e-01 2.225677818059921265e-01
6.348233819007873535e-01 2.713255286216735840e-01
6.329886913299560547e-01 2.262265980243682861e-01
6.898705959320068359e-01 2.830426394939422607e-01
6.965357065200805664e-01 2.521252632141113281e-01
7.068048715591430664e-01 2.669109702110290527e-01
7.092923521995544434e-01 2.387308925390243530e-01
8.143238425254821777e-01 2.666219770908355713e-01
8.175920844078063965e-01 2.527020871639251709e-01
9.150392413139343262e-01 2.890771925449371338e-01
9.206244945526123047e-01 2.634382843971252441e-01
