3.504254221916198730e-01 4.394644200801849365e-01
3.425607681274414062e-01 4.375480413436889648e-01
3.417339324951171875e-01 4.373836517333984375e-01
3.421979844570159912e-01 4.315249919891357422e-01
3.390992879867553711e-01 4.218125343322753906e-01
3.733830451965332031e-01 4.153364598751068115e-01
3.712046742439270020e-01 3.982314765453338623e-01
4.341899156570434570e-01 4.059194028377532959e-01
4.291439056396484375e-01 3.755652606487274170e-01
4.549473226070404053e-01 4.183638095855712891e-01
4.506813883781433105e-01 4.035725593566894531e-01
4.732519090175628662e-01 3.726707100868225098e-01
4.694417119026184082e-01 3.574582934379577637e-01
5.469816923141479492e-01 3.676094412803649902e-01
5.431424379348754883e-01 3.536326289176940918e-01
6.418604850769042969e-01 3.658189177513122559e-01
6.393504142761230469e-01 3.585982322692871094e-01
