3.764700591564178467e-01 3.005338311195373535e-01
3.715198040008544922e-01 3.023046553134918213e-01
3.721129596233367920e-01 2.984173297882080078e-01
3.744812011718750000e-01 3.060361146926879883e-01
3.716588914394378662e-01 2.945908010005950928e-01
4.091375470161437988e-01 3.106459081172943115e-01
4.079673290252685547e-01 2.914145886898040771e-01
4.499318301677703857e-01 3.192759752273559570e-01
4.459924697875976562e-01 3.024438619613647461e-01
4.891123473644256592e-01 3.106918632984161377e-01
4.847133755683898926e-01 3.012611269950866699e-01
5.081881880760192871e-01 3.122094869613647461e-01
5.150274038314819336e-01 3.014824390411376953e-01
5.936415791511535645e-01 3.043865561485290527e-01
5.901292562484741211e-01 3.001994490623474121e-01
6.863874197006225586e-01 3.035248517990112305e-01
6.695446968078613281e-01 2.985875308513641357e-01
