2.679119706153869629e-01 2.077022492885589600e-01
2.595556378364562988e-01 2.077315896749496460e-01
2.603853046894073486e-01 2.022980451583862305e-01
2.737619280815124512e-01 2.354751080274581909e-01
2.609428763389587402e-01 1.798318624496459961e-01
3.171678781509399414e-01 2.135343849658966064e-01
3.109962642192840576e-01 1.647360026836395264e-01
3.671376407146453857e-01 2.276798933744430542e-01
3.623512387275695801e-01 1.354067921638488770e-01
3.830963969230651855e-01 2.431030273437500000e-01
3.945046663284301758e-01 1.344114392995834351e-01
4.422158002853393555e-01 2.073610275983810425e-01
4.424026012420654297e-01 1.725322306156158447e-01
5.579823851585388184e-01 2.045326679944992065e-01
5.593690276145935059e-01 1.844760626554489136e-01
6.561884284019470215e-01 2.123093008995056152e-01
6.613895893096923828e-01 1.763227880001068115e-01
