2.766287922859191895e-01 4.206136465072631836e-01
2.708631455898284912e-01 4.203433692455291748e-01
2.702466845512390137e-01 4.222619235515594482e-01
2.751144170761108398e-01 4.109162986278533936e-01
2.754757404327392578e-01 4.150090217590332031e-01
3.172033429145812988e-01 3.995123803615570068e-01
3.180370628833770752e-01 4.038761556148529053e-01
3.785681426525115967e-01 3.999409675598144531e-01
3.605990409851074219e-01 4.165385365486145020e-01
3.497416675090789795e-01 4.398813247680664062e-01
3.493974804878234863e-01 4.388101696968078613e-01
4.333046078681945801e-01 3.728700578212738037e-01
4.340839982032775879e-01 3.751246929168701172e-01
5.217267870903015137e-01 3.530250489711761475e-01
5.159615874290466309e-01 3.570992648601531982e-01
6.188436746597290039e-01 3.212042450904846191e-01
6.204357147216796875e-01 3.176472783088684082e-01
