3.031673431396484375e-01 2.832240760326385498e-01
2.986186146736145020e-01 2.823793888092041016e-01
3.136348128318786621e-01 2.474682629108428955e-01
3.018805384635925293e-01 2.773638963699340820e-01
3.240017294883728027e-01 2.151433080434799194e-01
3.611373901367187500e-01 2.292461395263671875e-01
3.527850508689880371e-01 1.962781250476837158e-01
4.164924323558807373e-01 2.347142994403839111e-01
3.961894512176513672e-01 1.591895818710327148e-01
3.626253008842468262e-01 3.327440023422241211e-01
4.113791882991790771e-01 1.495229452848434448e-01
4.999723434448242188e-01 2.351986765861511230e-01
4.917539954185485840e-01 1.950884908437728882e-01
5.907487869262695312e-01 2.378997653722763062e-01
5.916463732719421387e-01 2.060479819774627686e-01
6.705052256584167480e-01 2.318770736455917358e-01
6.798314452171325684e-01 1.931677162647247314e-01
