4.591386914253234863e-01 3.457752168178558350e-01
4.481174945831298828e-01 3.504113554954528809e-01
4.487608373165130615e-01 3.373140096664428711e-01
4.528701901435852051e-01 3.632706105709075928e-01
4.574684500694274902e-01 3.300532698631286621e-01
4.996322393417358398e-01 3.893110752105712891e-01
5.118790864944458008e-01 3.286471664905548096e-01
5.542515516281127930e-01 3.985356092453002930e-01
5.723550319671630859e-01 3.340275883674621582e-01
5.266714096069335938e-01 3.743312358856201172e-01
5.707288980484008789e-01 3.278117179870605469e-01
6.448849439620971680e-01 4.007028341293334961e-01
6.516227126121520996e-01 3.574510514736175537e-01
7.281677126884460449e-01 4.392027556896209717e-01
7.370259165763854980e-01 3.730378150939941406e-01
8.380396366119384766e-01 4.791246056556701660e-01
8.582079410552978516e-01 3.654603958129882812e-01
