5.551618337631225586e-01 3.552432060241699219e-01
5.491749048233032227e-01 3.534213006496429443e-01
5.503951311111450195e-01 3.529666662216186523e-01
5.471653938293457031e-01 3.465999066829681396e-01
5.478565692901611328e-01 3.454979062080383301e-01
5.577648878097534180e-01 3.435883224010467529e-01
5.656553506851196289e-01 3.290582895278930664e-01
6.373237371444702148e-01 3.364284932613372803e-01
6.549826860427856445e-01 3.108052611351013184e-01
7.100167274475097656e-01 3.770094811916351318e-01
7.279180884361267090e-01 3.465194106101989746e-01
6.800807714462280273e-01 3.137442469596862793e-01
6.817449331283569336e-01 2.991250753402709961e-01
7.772343158721923828e-01 3.199719488620758057e-01
7.792670726776123047e-01 2.996787130832672119e-01
8.792750835418701172e-01 3.560583591461181641e-01
8.668757677078247070e-01 2.653501033782958984e-01
