4.525588154792785645e-01 3.906355500221252441e-01
4.516796767711639404e-01 3.952713608741760254e-01
4.471651911735534668e-01 3.969496488571166992e-01
4.456731677055358887e-01 3.990811705589294434e-01
4.392044544219970703e-01 3.969377875328063965e-01
4.498867690563201904e-01 4.103109836578369141e-01
4.465282559394836426e-01 3.950919806957244873e-01
4.832859039306640625e-01 3.797357678413391113e-01
4.707548022270202637e-01 3.552589118480682373e-01
5.305749773979187012e-01 3.122587800025939941e-01
5.200056433677673340e-01 2.938786447048187256e-01
5.167616605758666992e-01 3.928523659706115723e-01
5.118489265441894531e-01 3.855633139610290527e-01
5.752016305923461914e-01 3.676807582378387451e-01
5.729022622108459473e-01 3.708519935607910156e-01
7.492539882659912109e-01 3.542325198650360107e-01
6.630595922470092773e-01 3.738633394241333008e-01
