4.612666368484497070e-01 2.458550333976745605e-01
4.556153714656829834e-01 2.471921294927597046e-01
4.534411132335662842e-01 2.455559372901916504e-01
4.596426486968994141e-01 2.425627112388610840e-01
4.558886885643005371e-01 2.360282987356185913e-01
4.950985610485076904e-01 2.352136373519897461e-01
4.997828900814056396e-01 2.217101752758026123e-01
5.379333496093750000e-01 2.208193987607955933e-01
5.431753993034362793e-01 2.075470983982086182e-01
5.373610258102416992e-01 2.509117722511291504e-01
5.803071856498718262e-01 2.198899686336517334e-01
6.291849613189697266e-01 1.991816610097885132e-01
6.289727687835693359e-01 1.901224851608276367e-01
7.179505228996276855e-01 1.849762648344039917e-01
7.233570814132690430e-01 1.875361204147338867e-01
8.359727263450622559e-01 1.710206568241119385e-01
8.389482498168945312e-01 1.697409451007843018e-01
