5.171056985855102539e-01 2.890537083148956299e-01
5.133963227272033691e-01 2.826418280601501465e-01
5.121935009956359863e-01 2.885738313198089600e-01
5.103225111961364746e-01 2.780117690563201904e-01
5.061703920364379883e-01 2.888498604297637939e-01
5.376427769660949707e-01 2.977040410041809082e-01
5.377879142761230469e-01 3.149529993534088135e-01
6.151389479637145996e-01 2.835412621498107910e-01
6.065408587455749512e-01 3.086337745189666748e-01
6.405239105224609375e-01 2.771747708320617676e-01
6.515117287635803223e-01 3.088276386260986328e-01
6.665638685226440430e-01 2.943184971809387207e-01
6.680830717086791992e-01 3.152682483196258545e-01
7.444738149642944336e-01 2.803063988685607910e-01
7.476269006729125977e-01 3.154106736183166504e-01
8.313227891921997070e-01 2.498249262571334839e-01
8.370677828788757324e-01 2.899465560913085938e-01
