4.438032507896423340e-01 5.738533735275268555e-01
4.363399446010589600e-01 5.732270479202270508e-01
4.353118538856506348e-01 5.736559629440307617e-01
4.416770935058593750e-01 5.811677575111389160e-01
4.351375699043273926e-01 5.770311951637268066e-01
4.790370464324951172e-01 5.888169407844543457e-01
4.784243106842041016e-01 5.876439809799194336e-01
5.289717912673950195e-01 6.063778996467590332e-01
5.256427526473999023e-01 5.876944065093994141e-01
5.456552505493164062e-01 5.953159332275390625e-01
5.412976741790771484e-01 5.874372720718383789e-01
5.651998519897460938e-01 5.983756780624389648e-01
5.648908615112304688e-01 5.942101478576660156e-01
6.365377902984619141e-01 5.993067026138305664e-01
6.369712352752685547e-01 6.017726659774780273e-01
7.181529402732849121e-01 6.027736663818359375e-01
7.154409289360046387e-01 6.044007539749145508e-01
