5.994880199432373047e-01 3.097591996192932129e-01
5.986487865447998047e-01 3.094264566898345947e-01
5.950341224670410156e-01 3.152424693107604980e-01
5.992558598518371582e-01 2.968754768371582031e-01
5.968180298805236816e-01 3.125598430633544922e-01
6.313706636428833008e-01 2.639255225658416748e-01
6.296154260635375977e-01 2.924281358718872070e-01
6.791146993637084961e-01 2.526240944862365723e-01
6.799337863922119141e-01 2.884335517883300781e-01
7.094456553459167480e-01 2.518405616283416748e-01
7.173261046409606934e-01 2.797495126724243164e-01
7.130405902862548828e-01 2.401772141456604004e-01
7.151366472244262695e-01 2.607166767120361328e-01
7.635013461112976074e-01 2.566319406032562256e-01
7.710649371147155762e-01 2.851899862289428711e-01
8.402611017227172852e-01 2.638849318027496338e-01
8.567544221878051758e-01 2.738142311573028564e-01
