2.853714227676391602e-01 7.070966958999633789e-01
2.731887698173522949e-01 7.112430930137634277e-01
2.775689959526062012e-01 6.982917785644531250e-01
2.878184616565704346e-01 7.332553863525390625e-01
2.921791970729827881e-01 6.991438865661621094e-01
3.361911773681640625e-01 7.563997507095336914e-01
3.584626615047454834e-01 7.106149196624755859e-01
4.004110097885131836e-01 8.252397775650024414e-01
4.400409162044525146e-01 7.329187393188476562e-01
2.852829694747924805e-01 7.865211367607116699e-01
4.853143393993377686e-01 7.525956630706787109e-01
5.113254189491271973e-01 7.906757593154907227e-01
5.181510448455810547e-01 7.680558562278747559e-01
6.629341840744018555e-01 7.936723232269287109e-01
6.651014089584350586e-01 7.840558290481567383e-01
7.956761717796325684e-01 7.874526977539062500e-01
7.921568751335144043e-01 7.807111740112304688e-01
