4.001621007919311523e-01 4.107573032379150391e-01
3.917205333709716797e-01 4.179883897304534912e-01
3.901240527629852295e-01 4.015825986862182617e-01
4.000461101531982422e-01 4.197248220443725586e-01
3.974962830543518066e-01 3.900393843650817871e-01
4.496971368789672852e-01 4.235448241233825684e-01
4.449277520179748535e-01 3.583208918571472168e-01
5.086805820465087891e-01 4.290392994880676270e-01
5.116697549819946289e-01 3.504303693771362305e-01
5.516679286956787109e-01 4.164187312126159668e-01
5.494951605796813965e-01 3.787783384323120117e-01
5.726067423820495605e-01 4.054120779037475586e-01
5.717056989669799805e-01 3.618100285530090332e-01
6.864888072013854980e-01 4.224947690963745117e-01
6.834542751312255859e-01 3.747872114181518555e-01
8.050658702850341797e-01 4.286454617977142334e-01
8.064739704132080078e-01 4.106512069702148438e-01
