3.591532409191131592e-01 4.705308079719543457e-01
3.478873372077941895e-01 4.853087067604064941e-01
3.453429937362670898e-01 4.610192477703094482e-01
3.515590429306030273e-01 4.969819188117980957e-01
3.483167290687561035e-01 4.406183362007141113e-01
4.186305701732635498e-01 4.989987611770629883e-01
4.024162292480468750e-01 4.150282740592956543e-01
5.146809816360473633e-01 4.869581162929534912e-01
4.960173070430755615e-01 3.793523311614990234e-01
5.924572944641113281e-01 4.520031213760375977e-01
5.968886613845825195e-01 3.902480304241180420e-01
5.878040790557861328e-01 4.532131850719451904e-01
5.782116651535034180e-01 4.006192684173583984e-01
7.427494525909423828e-01 4.480096697807312012e-01
7.277111411094665527e-01 4.030150771141052246e-01
8.827098608016967773e-01 4.264658689498901367e-01
8.904985189437866211e-01 4.243809878826141357e-01
