2.913331687450408936e-01 6.005617976188659668e-01
2.853955924510955811e-01 6.130610108375549316e-01
2.836150228977203369e-01 5.954300761222839355e-01
2.994855642318725586e-01 6.240500211715698242e-01
2.888174653053283691e-01 5.837049484252929688e-01
3.572775721549987793e-01 6.476539373397827148e-01
3.566145598888397217e-01 5.792783498764038086e-01
4.343831539154052734e-01 6.401432752609252930e-01
4.311732053756713867e-01 5.511009693145751953e-01
4.493930339813232422e-01 6.264644861221313477e-01
2.757280468940734863e-01 5.203831195831298828e-01
5.175362825393676758e-01 6.190638542175292969e-01
5.249060988426208496e-01 5.658979415893554688e-01
6.449532508850097656e-01 6.386142373085021973e-01
6.567924618721008301e-01 5.529167056083679199e-01
7.841933965682983398e-01 6.654857993125915527e-01
7.624964714050292969e-01 5.613609552383422852e-01
