3.588928580284118652e-01 4.759386777877807617e-01
3.496694564819335938e-01 4.848762452602386475e-01
3.546716570854187012e-01 4.752306342124938965e-01
3.612538576126098633e-01 5.051770210266113281e-01
3.693411350250244141e-01 4.710124433040618896e-01
4.175825715065002441e-01 5.228214859962463379e-01
4.246397614479064941e-01 4.561026096343994141e-01
4.784445464611053467e-01 5.419474840164184570e-01
4.901152253150939941e-01 4.552747905254364014e-01
5.702230930328369141e-01 5.333611369132995605e-01
5.727856755256652832e-01 4.864602982997894287e-01
5.637695193290710449e-01 5.439980030059814453e-01
5.696026086807250977e-01 4.922776222229003906e-01
6.910549998283386230e-01 5.540295243263244629e-01
6.882957816123962402e-01 5.246741175651550293e-01
7.921024560928344727e-01 5.610990524291992188e-01
7.934857606887817383e-01 5.423535108566284180e-01
