3.932420909404754639e-01 6.961304545402526855e-01
3.834554553031921387e-01 7.035439014434814453e-01
3.830990493297576904e-01 6.877872347831726074e-01
3.931488394737243652e-01 7.131431102752685547e-01
3.918554782867431641e-01 6.733626127243041992e-01
4.470365941524505615e-01 7.174592018127441406e-01
4.435388743877410889e-01 6.488567590713500977e-01
5.030256509780883789e-01 7.397954463958740234e-01
5.202368497848510742e-01 6.214467287063598633e-01
5.735565423965454102e-01 7.404767870903015137e-01
5.874665975570678711e-01 6.244240999221801758e-01
5.667928457260131836e-01 6.789016723632812500e-01
5.666528940200805664e-01 6.346337199211120605e-01
6.962900161743164062e-01 6.753503680229187012e-01
6.865611076354980469e-01 6.312410831451416016e-01
8.254317045211791992e-01 6.668536067008972168e-01
7.690132856369018555e-01 6.246079206466674805e-01
