3.355576395988464355e-01 6.710407137870788574e-01
3.286244571208953857e-01 6.714185476303100586e-01
3.278306722640991211e-01 6.750984191894531250e-01
3.281811773777008057e-01 6.626447439193725586e-01
3.245275616645812988e-01 6.691870689392089844e-01
3.675554990768432617e-01 6.429286003112792969e-01
3.615050911903381348e-01 6.422545909881591797e-01
4.384838044643402100e-01 6.354900598526000977e-01
4.315136075019836426e-01 6.177706718444824219e-01
4.902231693267822266e-01 6.616733670234680176e-01
4.885649085044860840e-01 6.521853208541870117e-01
4.920749068260192871e-01 6.061525940895080566e-01
4.970066547393798828e-01 5.887748003005981445e-01
6.271392107009887695e-01 5.969595313072204590e-01
6.260925531387329102e-01 5.678433179855346680e-01
7.563964128494262695e-01 5.845528841018676758e-01
7.559446692466735840e-01 5.711642503738403320e-01
