3.977457880973815918e-01 5.297787189483642578e-01
3.895586133003234863e-01 5.246775150299072266e-01
3.896329402923583984e-01 5.280905961990356445e-01
4.005576074123382568e-01 5.048995018005371094e-01
3.957601189613342285e-01 5.149166584014892578e-01
4.410377442836761475e-01 4.933512210845947266e-01
4.215919673442840576e-01 5.060448646545410156e-01
3.449269533157348633e-01 5.153300762176513672e-01
3.398217856884002686e-01 5.106986761093139648e-01
2.768880128860473633e-01 5.419251322746276855e-01
2.769970297813415527e-01 5.383836030960083008e-01
5.569982528686523438e-01 4.739144444465637207e-01
5.592380166053771973e-01 4.785526394844055176e-01
6.999244093894958496e-01 4.895496070384979248e-01
7.002674937248229980e-01 4.753033816814422607e-01
8.270680904388427734e-01 4.766441583633422852e-01
8.277490139007568359e-01 4.643082320690155029e-01
