3.803002536296844482e-01 4.490531086921691895e-01
3.757337331771850586e-01 4.481271207332611084e-01
3.758382201194763184e-01 4.484444856643676758e-01
3.864276409149169922e-01 4.352032542228698730e-01
3.804365098476409912e-01 4.447388350963592529e-01
4.260735511779785156e-01 4.050676524639129639e-01
4.156274795532226562e-01 4.180366396903991699e-01
4.639460444450378418e-01 3.785440325736999512e-01
4.564979672431945801e-01 3.961870074272155762e-01
5.445175170898437500e-01 3.697634339332580566e-01
5.406591296195983887e-01 3.714672923088073730e-01
5.662783384323120117e-01 3.741468787193298340e-01
5.656914710998535156e-01 3.786305189132690430e-01
6.717694997787475586e-01 3.611855208873748779e-01
6.733113527297973633e-01 3.555465936660766602e-01
7.986575961112976074e-01 3.379606604576110840e-01
7.998482584953308105e-01 3.368957638740539551e-01
