3.353042304515838623e-01 7.381336092948913574e-01
3.241256475448608398e-01 7.479249835014343262e-01
3.267384767532348633e-01 7.293022871017456055e-01
3.336883783340454102e-01 7.693454027175903320e-01
3.406385779380798340e-01 7.250814437866210938e-01
3.932124972343444824e-01 8.032946586608886719e-01
4.135140776634216309e-01 7.264524698257446289e-01
4.627068042755126953e-01 8.335677385330200195e-01
4.892081916332244873e-01 7.285505533218383789e-01
5.336457490921020508e-01 8.060517311096191406e-01
5.657358765602111816e-01 7.358845472335815430e-01
5.724867582321166992e-01 8.101837635040283203e-01
5.742911696434020996e-01 7.566968798637390137e-01
6.863536834716796875e-01 8.043257594108581543e-01
7.024354934692382812e-01 7.498981356620788574e-01
7.916080951690673828e-01 7.997235655784606934e-01
8.406572341918945312e-01 7.547270059585571289e-01
