4.023964405059814453e-01 5.311409235000610352e-01
3.984024524688720703e-01 5.275063514709472656e-01
3.974821269512176514e-01 5.295785665512084961e-01
4.112434387207031250e-01 5.093467235565185547e-01
4.057398438453674316e-01 5.144554972648620605e-01
4.397424459457397461e-01 5.024588108062744141e-01
4.340846240520477295e-01 4.930844008922576904e-01
4.212876558303833008e-01 5.175952315330505371e-01
3.614210784435272217e-01 5.108795166015625000e-01
3.108614683151245117e-01 5.522837042808532715e-01
2.964130043983459473e-01 5.493857264518737793e-01
5.675715208053588867e-01 4.814067780971527100e-01
5.670293569564819336e-01 4.728161990642547607e-01
7.000410556793212891e-01 4.985602796077728271e-01
6.999096870422363281e-01 4.654342532157897949e-01
8.220549821853637695e-01 4.894826412200927734e-01
8.248139619827270508e-01 4.485981464385986328e-01
