3.835276067256927490e-01 3.938402533531188965e-01
3.773127794265747070e-01 3.991307616233825684e-01
3.769161403179168701e-01 3.927440345287322998e-01
3.875202834606170654e-01 4.089616239070892334e-01
3.891677558422088623e-01 3.843261599540710449e-01
4.359529614448547363e-01 4.052300155162811279e-01
4.235237240791320801e-01 3.545677661895751953e-01
4.792848229408264160e-01 4.004216194152832031e-01
3.953774571418762207e-01 3.424309492111206055e-01
4.071069359779357910e-01 4.019869565963745117e-01
4.053154885768890381e-01 3.813449740409851074e-01
5.817061662673950195e-01 3.671711385250091553e-01
5.781135559082031250e-01 3.304075598716735840e-01
7.275910377502441406e-01 3.668036460876464844e-01
7.105075120925903320e-01 3.132467269897460938e-01
8.430528044700622559e-01 3.749164044857025146e-01
8.107841014862060547e-01 3.202109634876251221e-01
