4.141790270805358887e-01 5.177134871482849121e-01
4.098280072212219238e-01 4.987916946411132812e-01
4.041379392147064209e-01 5.180510282516479492e-01
4.199914634227752686e-01 4.860684275627136230e-01
4.084587991237640381e-01 4.972730875015258789e-01
4.339669346809387207e-01 4.867120981216430664e-01
4.342614412307739258e-01 5.003638267517089844e-01
3.541210591793060303e-01 5.053247213363647461e-01
3.620701432228088379e-01 5.049519538879394531e-01
2.722360491752624512e-01 4.868173003196716309e-01
2.700348794460296631e-01 4.817671477794647217e-01
5.701150894165039062e-01 4.603765010833740234e-01
5.741866827011108398e-01 4.834788441658020020e-01
7.141778469085693359e-01 4.555659294128417969e-01
7.190159559249877930e-01 4.858825206756591797e-01
8.375627398490905762e-01 4.475864171981811523e-01
8.375568389892578125e-01 4.836974740028381348e-01
