4.650025367736816406e-01 5.016068220138549805e-01
4.536663293838500977e-01 5.102616548538208008e-01
4.574905335903167725e-01 4.949207305908203125e-01
4.555685520172119141e-01 5.127763748168945312e-01
4.562516808509826660e-01 4.822614192962646484e-01
4.950639903545379639e-01 5.249884128570556641e-01
5.024030208587646484e-01 4.568628966808319092e-01
5.657949447631835938e-01 5.400008559226989746e-01
5.767834186553955078e-01 4.461536109447479248e-01
5.972316265106201172e-01 5.809552669525146484e-01
6.510514020919799805e-01 4.352330565452575684e-01
6.296776533126831055e-01 5.102928876876831055e-01
6.323348283767700195e-01 4.643098711967468262e-01
7.384797930717468262e-01 5.297125577926635742e-01
7.396496534347534180e-01 4.827849268913269043e-01
7.999095916748046875e-01 5.376886129379272461e-01
8.273309469223022461e-01 4.407796263694763184e-01
