3.284816443920135498e-01 4.718769192695617676e-01
3.209961950778961182e-01 4.822085797786712646e-01
3.168275952339172363e-01 4.623722732067108154e-01
3.305840492248535156e-01 4.883637428283691406e-01
3.218302726745605469e-01 4.388960599899291992e-01
3.926583230495452881e-01 4.936586618423461914e-01
3.765996694564819336e-01 4.053074717521667480e-01
4.816273450851440430e-01 4.897511601448059082e-01
4.537979066371917725e-01 3.651463687419891357e-01
5.335934162139892578e-01 4.677073657512664795e-01
5.518347024917602539e-01 3.755215406417846680e-01
5.544070601463317871e-01 4.570274353027343750e-01
5.491006970405578613e-01 4.103568196296691895e-01
6.944572925567626953e-01 4.403083324432373047e-01
6.825198531150817871e-01 4.115752875804901123e-01
8.114079833030700684e-01 4.336552619934082031e-01
7.735978960990905762e-01 3.882223963737487793e-01
