3.748777508735656738e-01 5.561231374740600586e-01
3.682469725608825684e-01 5.578831434249877930e-01
3.653133809566497803e-01 5.548321604728698730e-01
3.725037276744842529e-01 5.558183789253234863e-01
3.665010929107666016e-01 5.463919639587402344e-01
4.094395637512207031e-01 5.237746834754943848e-01
4.147945344448089600e-01 4.986247718334197998e-01
4.745166897773742676e-01 5.271024107933044434e-01
4.778052568435668945e-01 4.777685999870300293e-01
5.273218750953674316e-01 5.437858104705810547e-01
5.268959403038024902e-01 5.223420858383178711e-01
5.343417525291442871e-01 4.896421134471893311e-01
5.334464907646179199e-01 4.667148590087890625e-01
6.436231136322021484e-01 4.792025685310363770e-01
6.435290575027465820e-01 4.583003520965576172e-01
7.577136754989624023e-01 4.591071009635925293e-01
7.590033411979675293e-01 4.522408246994018555e-01
