3.880519866943359375e-01 5.158354043960571289e-01
3.766905665397644043e-01 5.064946413040161133e-01
3.758792877197265625e-01 5.058758854866027832e-01
3.857209682464599609e-01 4.923331141471862793e-01
3.916833996772766113e-01 5.026469230651855469e-01
4.161344170570373535e-01 4.966373145580291748e-01
4.179913401603698730e-01 4.906373918056488037e-01
3.447845876216888428e-01 5.033463239669799805e-01
3.426228463649749756e-01 5.019218921661376953e-01
2.860621213912963867e-01 5.067776441574096680e-01
2.907184064388275146e-01 5.060706138610839844e-01
5.597723722457885742e-01 4.816163480281829834e-01
5.610292553901672363e-01 4.816229343414306641e-01
7.029817104339599609e-01 5.111085176467895508e-01
7.001997828483581543e-01 5.058414936065673828e-01
8.330138921737670898e-01 5.199446678161621094e-01
8.374006748199462891e-01 5.185600519180297852e-01
