3.275128304958343506e-01 6.291449666023254395e-01
3.226612806320190430e-01 6.298874020576477051e-01
3.202275633811950684e-01 6.238982081413269043e-01
3.239170908927917480e-01 6.255189180374145508e-01
3.206137716770172119e-01 6.080267429351806641e-01
3.549637198448181152e-01 6.347113251686096191e-01
3.458582162857055664e-01 5.754010677337646484e-01
4.237071275711059570e-01 6.457253694534301758e-01
4.038326144218444824e-01 5.700908303260803223e-01
4.482400119304656982e-01 6.497299671173095703e-01
4.245651364326477051e-01 5.894674062728881836e-01
4.634693264961242676e-01 6.068112850189208984e-01
4.665739238262176514e-01 5.693035125732421875e-01
5.859777331352233887e-01 6.038061976432800293e-01
5.921528339385986328e-01 5.755653381347656250e-01
6.592569947242736816e-01 5.971089005470275879e-01
5.986900329589843750e-01 5.811594128608703613e-01
