3.718896508216857910e-01 4.381586313247680664e-01
3.682235181331634521e-01 4.433284699916839600e-01
3.643111884593963623e-01 4.363671541213989258e-01
3.782117366790771484e-01 4.478628337383270264e-01
3.704049289226531982e-01 4.298939406871795654e-01
4.290873706340789795e-01 4.360455274581909180e-01
4.146548211574554443e-01 3.890311419963836670e-01
4.872467219829559326e-01 4.118967950344085693e-01
4.664347767829895020e-01 3.542792201042175293e-01
5.598304867744445801e-01 3.893228471279144287e-01
4.740712642669677734e-01 3.781852126121520996e-01
5.630230903625488281e-01 3.825612962245941162e-01
5.497715473175048828e-01 3.471736311912536621e-01
6.798318624496459961e-01 3.744045197963714600e-01
6.716989278793334961e-01 3.392041325569152832e-01
8.060725927352905273e-01 3.644264638423919678e-01
7.730745673179626465e-01 2.821483016014099121e-01
