4.145059287548065186e-01 4.099988937377929688e-01
4.073610901832580566e-01 4.119967818260192871e-01
4.050397872924804688e-01 4.023180007934570312e-01
4.141748845577239990e-01 4.197795987129211426e-01
4.089049100875854492e-01 3.939231336116790771e-01
4.590520262718200684e-01 4.155510067939758301e-01
4.568431973457336426e-01 3.688439726829528809e-01
5.356345176696777344e-01 4.186788201332092285e-01
5.377514362335205078e-01 3.586347103118896484e-01
6.048673391342163086e-01 4.228015840053558350e-01
6.045775413513183594e-01 3.842725157737731934e-01
5.918295979499816895e-01 3.987476527690887451e-01
5.963975191116333008e-01 3.674271702766418457e-01
7.296294569969177246e-01 3.965362906455993652e-01
7.338901758193969727e-01 3.865419030189514160e-01
8.350135087966918945e-01 3.926128745079040527e-01
8.397287130355834961e-01 3.896977603435516357e-01
