3.631929159164428711e-01 5.170209407806396484e-01
3.558396995067596436e-01 5.213376283645629883e-01
3.576783835887908936e-01 5.083854198455810547e-01
3.657776713371276855e-01 5.354498624801635742e-01
3.704039752483367920e-01 4.980537891387939453e-01
4.217790365219116211e-01 5.430726408958435059e-01
4.248332977294921875e-01 4.849504232406616211e-01
4.928075969219207764e-01 5.183983445167541504e-01
5.019699931144714355e-01 4.724184274673461914e-01
5.728840231895446777e-01 5.183784365653991699e-01
5.679600238800048828e-01 4.819589555263519287e-01
5.689371228218078613e-01 5.329590439796447754e-01
5.752453804016113281e-01 4.915402531623840332e-01
7.093802690505981445e-01 6.408380270004272461e-01
6.968109011650085449e-01 4.875979423522949219e-01
8.368762731552124023e-01 5.905055999755859375e-01
8.067902922630310059e-01 4.716717600822448730e-01
