3.807441592216491699e-01 5.150759220123291016e-01
3.729283809661865234e-01 5.087156891822814941e-01
3.740122318267822266e-01 5.122934579849243164e-01
3.893440961837768555e-01 4.994453191757202148e-01
3.906900584697723389e-01 5.036215782165527344e-01
4.306147098541259766e-01 5.037927627563476562e-01
4.186925590038299561e-01 4.963565468788146973e-01
3.634864091873168945e-01 5.086971521377563477e-01
3.482939004898071289e-01 4.992896914482116699e-01
2.873654961585998535e-01 5.007089376449584961e-01
2.857070267200469971e-01 4.926266372203826904e-01
5.726127624511718750e-01 4.952651858329772949e-01
5.699374675750732422e-01 4.822796285152435303e-01
7.009612321853637695e-01 5.185283422470092773e-01
7.006996870040893555e-01 4.830669164657592773e-01
8.245151042938232422e-01 5.117107033729553223e-01
8.246405124664306641e-01 4.812968671321868896e-01
