3.667791485786437988e-01 3.273770511150360107e-01
3.585141301155090332e-01 3.261802792549133301e-01
3.581874072551727295e-01 3.184818625450134277e-01
3.660399615764617920e-01 3.298974633216857910e-01
3.641822934150695801e-01 2.858575284481048584e-01
4.330252110958099365e-01 3.538290858268737793e-01
4.185224771499633789e-01 2.665250897407531738e-01
5.141316652297973633e-01 3.538202643394470215e-01
5.044310688972473145e-01 2.439862936735153198e-01
5.589849948883056641e-01 3.295777440071105957e-01
5.542976260185241699e-01 2.657290995121002197e-01
5.666064023971557617e-01 2.948259413242340088e-01
5.559700727462768555e-01 2.572123408317565918e-01
6.870715618133544922e-01 2.794173955917358398e-01
6.820492148399353027e-01 2.433270812034606934e-01
8.100652098655700684e-01 2.721869051456451416e-01
8.054863810539245605e-01 2.257622182369232178e-01
