4.449491202831268311e-01 4.612531363964080811e-01
4.330305457115173340e-01 4.713326394557952881e-01
4.350629746913909912e-01 4.527048766613006592e-01
4.381359219551086426e-01 4.866852462291717529e-01
4.413751959800720215e-01 4.520416259765625000e-01
4.821917712688446045e-01 4.957088232040405273e-01
4.913285672664642334e-01 4.667312800884246826e-01
5.408742427825927734e-01 5.114558339118957520e-01
5.464619398117065430e-01 4.814051091670989990e-01
5.823928117752075195e-01 4.770547151565551758e-01
5.929501652717590332e-01 4.647729396820068359e-01
5.999975204467773438e-01 5.213800668716430664e-01
6.015393137931823730e-01 5.031231641769409180e-01
6.941226720809936523e-01 5.386988520622253418e-01
6.989492177963256836e-01 5.069727897644042969e-01
7.955664396286010742e-01 5.636017322540283203e-01
7.848030924797058105e-01 5.343607664108276367e-01
