3.010417222976684570e-01 7.349097132682800293e-01
2.902017235755920410e-01 7.395510077476501465e-01
2.963270246982574463e-01 7.249424457550048828e-01
3.091376423835754395e-01 7.513195872306823730e-01
3.167504668235778809e-01 7.218176722526550293e-01
3.612429797649383545e-01 7.720651030540466309e-01
3.835233449935913086e-01 7.300819754600524902e-01
4.592248201370239258e-01 8.186188936233520508e-01
4.647901952266693115e-01 7.432751655578613281e-01
4.637155532836914062e-01 8.613642454147338867e-01
5.194360613822937012e-01 7.556452155113220215e-01
5.388356447219848633e-01 7.945877313613891602e-01
5.436435937881469727e-01 7.769386768341064453e-01
6.887657642364501953e-01 7.737421989440917969e-01
6.906416416168212891e-01 7.710850238800048828e-01
8.234795331954956055e-01 7.520817518234252930e-01
8.266730308532714844e-01 7.496330142021179199e-01
