3.718830347061157227e-01 4.140477776527404785e-01
3.622362315654754639e-01 4.251107573509216309e-01
3.594835698604583740e-01 4.089146852493286133e-01
3.693144023418426514e-01 4.338456392288208008e-01
3.660231530666351318e-01 3.918751478195190430e-01
4.315564036369323730e-01 4.353638589382171631e-01
4.289022684097290039e-01 3.740808963775634766e-01
5.043034553527832031e-01 4.302627444267272949e-01
4.958005845546722412e-01 3.697655797004699707e-01
5.693551301956176758e-01 4.323340356349945068e-01
5.707425475120544434e-01 3.956608474254608154e-01
5.834622383117675781e-01 4.065578579902648926e-01
5.838378667831420898e-01 3.691899180412292480e-01
7.274383902549743652e-01 4.235495924949645996e-01
7.234821319580078125e-01 3.718502521514892578e-01
8.648235201835632324e-01 4.285071492195129395e-01
8.499779701232910156e-01 3.488369584083557129e-01
