3.932466506958007812e-01 3.534924685955047607e-01
3.868938088417053223e-01 3.625766634941101074e-01
3.823143243789672852e-01 3.457340002059936523e-01
3.953073620796203613e-01 3.611441254615783691e-01
3.882939517498016357e-01 3.234872817993164062e-01
4.572665095329284668e-01 3.684210479259490967e-01
4.392770528793334961e-01 2.722092270851135254e-01
5.302168130874633789e-01 3.696107268333435059e-01
5.303196907043457031e-01 2.492064833641052246e-01
5.817375183105468750e-01 3.433804512023925781e-01
5.763024091720581055e-01 2.835330367088317871e-01
5.929079651832580566e-01 3.099282383918762207e-01
5.841507315635681152e-01 2.712996304035186768e-01
7.135565280914306641e-01 3.085178434848785400e-01
7.121986150741577148e-01 2.577361464500427246e-01
8.404001593589782715e-01 3.026301860809326172e-01
8.327714204788208008e-01 2.344908118247985840e-01
