4.470990300178527832e-01 5.252492427825927734e-01
4.438680112361907959e-01 5.241621732711791992e-01
4.436255693435668945e-01 5.280193686485290527e-01
4.460298418998718262e-01 5.035128593444824219e-01
4.441852569580078125e-01 5.114669203758239746e-01
4.586027264595031738e-01 4.851374328136444092e-01
4.591331183910369873e-01 4.926982820034027100e-01
4.041380882263183594e-01 5.130573511123657227e-01
4.062474966049194336e-01 5.094072818756103516e-01
3.405935764312744141e-01 5.245140790939331055e-01
3.551512956619262695e-01 5.252869725227355957e-01
5.859633684158325195e-01 4.654394388198852539e-01
5.869952440261840820e-01 4.686122536659240723e-01
7.024827003479003906e-01 4.671295583248138428e-01
7.071902155876159668e-01 4.592888355255126953e-01
8.202013969421386719e-01 4.525309205055236816e-01
8.232111334800720215e-01 4.501629471778869629e-01
