4.446840882301330566e-01 4.757311344146728516e-01
4.309175014495849609e-01 4.877398014068603516e-01
4.314019083976745605e-01 4.688792228698730469e-01
4.428286254405975342e-01 5.016956925392150879e-01
4.394125342369079590e-01 4.661341905593872070e-01
4.962879121303558350e-01 5.099203586578369141e-01
4.979420602321624756e-01 4.723087549209594727e-01
5.585868358612060547e-01 4.991060495376586914e-01
5.555947422981262207e-01 4.552448391914367676e-01
5.747837424278259277e-01 4.554538130760192871e-01
5.660352110862731934e-01 4.546791017055511475e-01
6.326702237129211426e-01 5.096117258071899414e-01
6.340599060058593750e-01 4.866457879543304443e-01
7.636293172836303711e-01 5.094904303550720215e-01
7.638534903526306152e-01 4.897808432579040527e-01
8.830370306968688965e-01 5.144494175910949707e-01
8.742570877075195312e-01 4.969880282878875732e-01
