4.122310280799865723e-01 5.278315544128417969e-01
4.087195098400115967e-01 5.282081365585327148e-01
4.085705280303955078e-01 5.286812782287597656e-01
4.199538230895996094e-01 5.181907415390014648e-01
4.181358814239501953e-01 5.188928842544555664e-01
4.512599110603332520e-01 4.997761249542236328e-01
4.389272928237915039e-01 4.973410069942474365e-01
4.246824681758880615e-01 5.136706829071044922e-01
3.943614661693572998e-01 5.104852914810180664e-01
3.015286922454833984e-01 5.141808986663818359e-01
3.000714182853698730e-01 5.026301145553588867e-01
5.753762722015380859e-01 4.806648492813110352e-01
5.735704302787780762e-01 4.694161117076873779e-01
7.096608877182006836e-01 5.008593797683715820e-01
7.035663127899169922e-01 4.715589880943298340e-01
8.240023851394653320e-01 4.942257404327392578e-01
8.265523314476013184e-01 4.673069715499877930e-01
