4.643045663833618164e-01 5.814822316169738770e-01
4.540918767452239990e-01 5.756235122680664062e-01
4.556033015251159668e-01 5.862320065498352051e-01
4.516002833843231201e-01 5.493860244750976562e-01
4.541153609752655029e-01 5.775749683380126953e-01
4.825570285320281982e-01 5.200611352920532227e-01
4.882023930549621582e-01 5.714948177337646484e-01
5.313473343849182129e-01 5.046633481979370117e-01
5.411036610603332520e-01 5.841232538223266602e-01
5.759009718894958496e-01 5.574319362640380859e-01
5.671296119689941406e-01 5.997631549835205078e-01
5.854378938674926758e-01 5.106065273284912109e-01
5.896451473236083984e-01 5.510000586509704590e-01
6.709647178649902344e-01 5.215418338775634766e-01
6.696860194206237793e-01 5.612356662750244141e-01
7.268485426902770996e-01 5.312703847885131836e-01
7.488850951194763184e-01 5.490339398384094238e-01
