3.757978379726409912e-01 3.195369243621826172e-01
3.670264482498168945e-01 3.200594782829284668e-01
3.678889274597167969e-01 3.131018579006195068e-01
3.735762536525726318e-01 3.176886737346649170e-01
3.698512315750122070e-01 2.741425633430480957e-01
4.333538413047790527e-01 3.389889895915985107e-01
4.266644120216369629e-01 2.721693515777587891e-01
5.293771028518676758e-01 3.454228341579437256e-01
5.203768014907836914e-01 2.543922364711761475e-01
5.590932369232177734e-01 3.110962212085723877e-01
5.652956962585449219e-01 2.712506651878356934e-01
5.769456624984741211e-01 2.969827651977539062e-01
5.720107555389404297e-01 2.700845599174499512e-01
7.033101916313171387e-01 2.926261723041534424e-01
6.993063688278198242e-01 2.360647618770599365e-01
8.291907310485839844e-01 2.790440022945404053e-01
8.177833557128906250e-01 2.048905789852142334e-01
