5.139036774635314941e-01 3.730244636535644531e-01
5.134614109992980957e-01 3.661729991436004639e-01
5.159096717834472656e-01 3.713659942150115967e-01
5.216673612594604492e-01 3.644658029079437256e-01
5.682632327079772949e-01 3.628111481666564941e-01
5.319455862045288086e-01 3.780154883861541748e-01
5.603231191635131836e-01 3.686385154724121094e-01
5.319063663482666016e-01 4.002693593502044678e-01
5.454905033111572266e-01 3.887372910976409912e-01
5.864061117172241211e-01 4.034666419029235840e-01
5.973973274230957031e-01 4.020747542381286621e-01
5.969882607460021973e-01 4.104271829128265381e-01
6.008999943733215332e-01 4.102849662303924561e-01
7.227152585983276367e-01 4.243018031120300293e-01
7.273954749107360840e-01 4.263602197170257568e-01
8.818408846855163574e-01 4.463160634040832520e-01
6.691860556602478027e-01 4.488165974617004395e-01
