3.468334078788757324e-01 5.343347787857055664e-01
3.375446498394012451e-01 5.443829894065856934e-01
3.388976752758026123e-01 5.281957387924194336e-01
3.460663557052612305e-01 5.495493412017822266e-01
3.401720523834228516e-01 5.192089080810546875e-01
3.917793631553649902e-01 5.440474748611450195e-01
3.935949802398681641e-01 4.844131469726562500e-01
4.480612874031066895e-01 5.529084205627441406e-01
4.619327485561370850e-01 4.614809155464172363e-01
4.156138598918914795e-01 5.652527809143066406e-01
3.726628720760345459e-01 5.164546966552734375e-01
5.203337669372558594e-01 5.147339105606079102e-01
5.205896496772766113e-01 4.740232229232788086e-01
6.355276107788085938e-01 5.004523992538452148e-01
6.384975314140319824e-01 4.747708439826965332e-01
7.594063282012939453e-01 4.993169307708740234e-01
7.570790052413940430e-01 4.874112606048583984e-01
