4.569747447967529297e-01 4.996938705444335938e-01
4.596031904220581055e-01 4.892061650753021240e-01
4.611897170543670654e-01 4.986560046672821045e-01
4.698736369609832764e-01 4.719496369361877441e-01
4.696424007415771484e-01 4.930645227432250977e-01
4.899668395519256592e-01 4.704576432704925537e-01
4.869308173656463623e-01 4.876704812049865723e-01
3.745651245117187500e-01 5.412437915802001953e-01
3.751777112483978271e-01 5.414499044418334961e-01
3.191784322261810303e-01 5.931208133697509766e-01
3.187843263149261475e-01 5.915251970291137695e-01
5.415004491806030273e-01 4.584205150604248047e-01
5.460816025733947754e-01 4.674341380596160889e-01
6.879531741142272949e-01 4.332330822944641113e-01
6.882009506225585938e-01 4.570753574371337891e-01
8.051705360412597656e-01 4.016633629798889160e-01
8.055359125137329102e-01 4.221152663230895996e-01
