3.987399041652679443e-01 4.221047163009643555e-01
3.916873633861541748e-01 4.205898940563201904e-01
3.911821544170379639e-01 4.176038503646850586e-01
3.981561362743377686e-01 4.299316406250000000e-01
3.949170112609863281e-01 4.114780426025390625e-01
4.472600221633911133e-01 4.198437631130218506e-01
4.382138252258300781e-01 3.780363798141479492e-01
4.974088668823242188e-01 4.074444174766540527e-01
4.927942156791687012e-01 3.682036101818084717e-01
4.181436002254486084e-01 4.186630249023437500e-01
5.572559237480163574e-01 3.718604743480682373e-01
5.838670730590820312e-01 3.837624192237854004e-01
5.873234868049621582e-01 3.618189096450805664e-01
7.355777621269226074e-01 3.622720241546630859e-01
7.375696897506713867e-01 3.548378348350524902e-01
8.855759501457214355e-01 3.410661220550537109e-01
8.218598365783691406e-01 3.566769957542419434e-01
