3.764737248420715332e-01 5.152543783187866211e-01
3.712896108627319336e-01 5.093295574188232422e-01
3.725407123565673828e-01 5.123382806777954102e-01
3.833347260951995850e-01 4.930320978164672852e-01
3.861805796623229980e-01 5.000697374343872070e-01
4.304128289222717285e-01 4.771499037742614746e-01
4.221777617931365967e-01 4.977947175502777100e-01
3.352575302124023438e-01 4.999474287033081055e-01
3.383027315139770508e-01 4.989076256752014160e-01
2.784145474433898926e-01 4.832243323326110840e-01
2.852692604064941406e-01 5.135740041732788086e-01
5.698043704032897949e-01 4.654705524444580078e-01
5.694325566291809082e-01 4.954549074172973633e-01
7.136789560317993164e-01 4.878767728805541992e-01
7.109603881835937500e-01 5.299332141876220703e-01
8.470839858055114746e-01 4.919458329677581787e-01
8.497803211212158203e-01 5.264886021614074707e-01
