4.419899582862854004e-01 4.745389223098754883e-01
4.288572669029235840e-01 4.838519096374511719e-01
4.295894801616668701e-01 4.693545103073120117e-01
4.370920360088348389e-01 5.012002587318420410e-01
4.372346401214599609e-01 4.640942811965942383e-01
4.920510053634643555e-01 5.013019442558288574e-01
4.940868616104125977e-01 4.715029597282409668e-01
5.569381713867187500e-01 4.820488393306732178e-01
5.500358343124389648e-01 4.570575654506683350e-01
5.787830352783203125e-01 4.563845098018646240e-01
5.749211907386779785e-01 4.453137516975402832e-01
6.246324777603149414e-01 5.011446475982666016e-01
6.265848875045776367e-01 4.905036687850952148e-01
7.485248446464538574e-01 4.959783256053924561e-01
7.477189302444458008e-01 5.043788552284240723e-01
8.845593333244323730e-01 4.976739287376403809e-01
8.783423900604248047e-01 5.077883601188659668e-01
