4.638780951499938965e-01 5.069252252578735352e-01
4.607616662979125977e-01 5.077614784240722656e-01
4.549706876277923584e-01 5.067470073699951172e-01
4.649116694927215576e-01 4.975900352001190186e-01
4.554094076156616211e-01 4.884819984436035156e-01
5.000456571578979492e-01 4.936492145061492920e-01
4.807379245758056641e-01 4.634814262390136719e-01
4.266052246093750000e-01 5.114809274673461914e-01
4.070960879325866699e-01 5.070321559906005859e-01
3.572406768798828125e-01 5.391684770584106445e-01
3.326735496520996094e-01 5.296560525894165039e-01
6.279243826866149902e-01 4.550562798976898193e-01
6.237066388130187988e-01 4.272489547729492188e-01
7.461914420127868652e-01 4.301309585571289062e-01
7.432901263236999512e-01 4.104132056236267090e-01
8.821413516998291016e-01 3.879029452800750732e-01
8.764634132385253906e-01 3.725448846817016602e-01
