3.000959157943725586e-01 5.162188410758972168e-01
2.848967909812927246e-01 5.257783532142639160e-01
2.953795194625854492e-01 5.126434564590454102e-01
2.895730733871459961e-01 5.454431772232055664e-01
3.021298050880432129e-01 5.166846513748168945e-01
3.290889263153076172e-01 5.840581059455871582e-01
3.542980551719665527e-01 5.342129468917846680e-01
4.058740139007568359e-01 6.166527867317199707e-01
4.268733859062194824e-01 5.598298311233520508e-01
4.537755846977233887e-01 6.083758473396301270e-01
4.734639525413513184e-01 5.819380283355712891e-01
4.721626639366149902e-01 6.595253348350524902e-01
4.854868650436401367e-01 6.156289577484130859e-01
5.579580068588256836e-01 6.923920512199401855e-01
5.964276790618896484e-01 6.226593852043151855e-01
6.405432224273681641e-01 7.250934839248657227e-01
7.205602526664733887e-01 6.489316225051879883e-01
