3.181557655334472656e-01 7.752459049224853516e-01
3.157768547534942627e-01 7.881485223770141602e-01
3.132443130016326904e-01 7.584409117698669434e-01
3.217474222183227539e-01 7.924799919128417969e-01
3.230382204055786133e-01 7.549338340759277344e-01
3.669561743736267090e-01 7.931210398674011230e-01
3.840894699096679688e-01 7.393569350242614746e-01
4.419901072978973389e-01 8.528644442558288574e-01
4.538954198360443115e-01 7.396656274795532227e-01
4.287216365337371826e-01 8.787556886672973633e-01
3.343441188335418701e-01 7.466362714767456055e-01
5.297976732254028320e-01 7.939653396606445312e-01
5.316817760467529297e-01 7.746070623397827148e-01
6.653711795806884766e-01 7.835826277732849121e-01
6.638824343681335449e-01 7.796920537948608398e-01
7.998949885368347168e-01 7.480095624923706055e-01
7.970577478408813477e-01 7.443880438804626465e-01
