3.812503814697265625e-01 5.130288600921630859e-01
3.696088790893554688e-01 5.069252252578735352e-01
3.718341290950775146e-01 5.069552659988403320e-01
3.819625079631805420e-01 4.935071468353271484e-01
3.871814608573913574e-01 4.998955726623535156e-01
4.135258793830871582e-01 4.982226788997650146e-01
4.149856567382812500e-01 4.908071458339691162e-01
3.409194946289062500e-01 5.046747922897338867e-01
3.395224511623382568e-01 5.021127462387084961e-01
2.848685383796691895e-01 5.069943666458129883e-01
2.772997319698333740e-01 5.040119886398315430e-01
5.592964887619018555e-01 4.835774898529052734e-01
5.607968568801879883e-01 4.812690615653991699e-01
7.021874189376831055e-01 5.131502151489257812e-01
6.998009681701660156e-01 5.039948225021362305e-01
8.331613540649414062e-01 5.193935036659240723e-01
8.371109366416931152e-01 5.177688598632812500e-01
