3.902552723884582520e-01 5.203276872634887695e-01
3.826440572738647461e-01 5.170955657958984375e-01
3.835825324058532715e-01 5.167738199234008789e-01
3.899297118186950684e-01 5.033265352249145508e-01
3.896336257457733154e-01 5.002003908157348633e-01
4.158807694911956787e-01 5.008416771888732910e-01
4.172027707099914551e-01 4.989647269248962402e-01
3.708656728267669678e-01 5.048099756240844727e-01
3.714750707149505615e-01 5.014158487319946289e-01
2.881059050559997559e-01 4.846305251121520996e-01
2.631661891937255859e-01 4.759035110473632812e-01
5.701323151588439941e-01 4.652641415596008301e-01
5.726442933082580566e-01 4.841351211071014404e-01
7.175835967063903809e-01 4.573149085044860840e-01
7.194830179214477539e-01 4.904312491416931152e-01
8.422038555145263672e-01 4.559770524501800537e-01
8.355702757835388184e-01 4.795994460582733154e-01
