3.273474574089050293e-01 6.356226801872253418e-01
3.237377703189849854e-01 6.371338367462158203e-01
3.209286332130432129e-01 6.308526396751403809e-01
3.283862471580505371e-01 6.504939794540405273e-01
3.198632001876831055e-01 6.230143308639526367e-01
3.907179534435272217e-01 6.613919138908386230e-01
3.819292783737182617e-01 6.118781566619873047e-01
4.676359593868255615e-01 6.479068398475646973e-01
4.560609757900238037e-01 5.808545351028442383e-01
4.834910333156585693e-01 6.318545937538146973e-01
4.943663477897644043e-01 5.035408735275268555e-01
5.317331552505493164e-01 6.210112571716308594e-01
5.281673073768615723e-01 5.780615210533142090e-01
6.474061012268066406e-01 6.147881746292114258e-01
6.551403999328613281e-01 5.397918224334716797e-01
7.900598049163818359e-01 5.948419570922851562e-01
7.822782993316650391e-01 5.268973112106323242e-01
