4.020719528198242188e-01 4.279162883758544922e-01
3.960142731666564941e-01 4.346793591976165771e-01
3.941388726234436035e-01 4.220613241195678711e-01
4.080464541912078857e-01 4.345422983169555664e-01
4.014480113983154297e-01 4.110668599605560303e-01
4.486573636531829834e-01 4.354422986507415771e-01
4.529691636562347412e-01 3.806777596473693848e-01
4.903337955474853516e-01 4.350709319114685059e-01
4.935770928859710693e-01 3.745601773262023926e-01
5.369067192077636719e-01 4.209997355937957764e-01
5.598592758178710938e-01 3.884682357311248779e-01
5.767122507095336914e-01 4.106375873088836670e-01
5.747139453887939453e-01 3.815079629421234131e-01
7.214977145195007324e-01 3.972000479698181152e-01
7.179901003837585449e-01 3.701627254486083984e-01
8.405922651290893555e-01 3.894951939582824707e-01
8.386282324790954590e-01 3.788088262081146240e-01
