3.254018425941467285e-01 2.916318178176879883e-01
3.156630992889404297e-01 3.059963881969451904e-01
3.150715827941894531e-01 2.833998203277587891e-01
3.265427052974700928e-01 3.275521695613861084e-01
3.215820789337158203e-01 2.719106078147888184e-01
3.701685667037963867e-01 3.492970168590545654e-01
3.747263550758361816e-01 2.641936540603637695e-01
4.283286333084106445e-01 3.640649914741516113e-01
4.411748647689819336e-01 2.138205170631408691e-01
3.603725135326385498e-01 3.850943446159362793e-01
5.098850131034851074e-01 2.795506715774536133e-01
5.034241080284118652e-01 3.156215548515319824e-01
5.104117393493652344e-01 2.760293781757354736e-01
5.936998724937438965e-01 2.815148830413818359e-01
6.056104898452758789e-01 2.622550129890441895e-01
7.553772926330566406e-01 1.739611625671386719e-01
7.174503803253173828e-01 2.309313714504241943e-01
