4.372340440750122070e-01 5.345389842987060547e-01
4.114569127559661865e-01 5.286926031112670898e-01
4.099420309066772461e-01 5.296750068664550781e-01
4.287748336791992188e-01 5.119505524635314941e-01
4.232247471809387207e-01 5.197747349739074707e-01
4.408782720565795898e-01 5.051959753036499023e-01
4.391336143016815186e-01 4.997315108776092529e-01
3.869202733039855957e-01 5.168948173522949219e-01
3.774387240409851074e-01 5.116124749183654785e-01
3.276153504848480225e-01 5.236609578132629395e-01
3.105122148990631104e-01 5.064168572425842285e-01
5.748188495635986328e-01 4.643815159797668457e-01
5.743142962455749512e-01 4.656854569911956787e-01
7.125872373580932617e-01 4.563927650451660156e-01
7.132977247238159180e-01 4.521371722221374512e-01
8.320673704147338867e-01 4.368397593498229980e-01
8.322962522506713867e-01 4.291098117828369141e-01
