4.595034718513488770e-01 4.962484538555145264e-01
4.487482309341430664e-01 5.034756660461425781e-01
4.462320804595947266e-01 4.919400215148925781e-01
4.547526240348815918e-01 5.109203457832336426e-01
4.512744545936584473e-01 4.782033562660217285e-01
5.026790499687194824e-01 5.259680151939392090e-01
5.044451951980590820e-01 4.563795328140258789e-01
5.676505565643310547e-01 5.434651970863342285e-01
5.789461135864257812e-01 4.407801628112792969e-01
5.974073410034179688e-01 5.740637183189392090e-01
6.511756777763366699e-01 4.380259215831756592e-01
6.366953849792480469e-01 5.000931620597839355e-01
6.374145150184631348e-01 4.576613306999206543e-01
7.394812107086181641e-01 5.132112503051757812e-01
7.378526926040649414e-01 4.823236167430877686e-01
9.219359159469604492e-01 5.331158041954040527e-01
8.253993391990661621e-01 4.372160434722900391e-01
