3.352558016777038574e-01 6.275331974029541016e-01
3.512426614761352539e-01 6.305830478668212891e-01
3.290471136569976807e-01 6.216924786567687988e-01
3.441299796104431152e-01 6.310515999794006348e-01
3.396498560905456543e-01 6.032490730285644531e-01
3.893451094627380371e-01 6.472642421722412109e-01
3.723068833351135254e-01 5.694658756256103516e-01
4.525512158870697021e-01 6.494180560111999512e-01
4.240643382072448730e-01 5.657619833946228027e-01
4.801530539989471436e-01 6.460574865341186523e-01
4.187964200973510742e-01 5.827766656875610352e-01
4.862888455390930176e-01 6.063177585601806641e-01
4.823467433452606201e-01 5.594174265861511230e-01
6.577001810073852539e-01 6.021165847778320312e-01
6.756426095962524414e-01 5.614451169967651367e-01
7.805752158164978027e-01 6.095833778381347656e-01
7.863013148307800293e-01 5.563727617263793945e-01
