3.468461930751800537e-01 5.340904593467712402e-01
3.387744426727294922e-01 5.413994789123535156e-01
3.373404145240783691e-01 5.290205478668212891e-01
3.435654640197753906e-01 5.524832010269165039e-01
3.365917205810546875e-01 5.206692218780517578e-01
3.871983885765075684e-01 5.443848371505737305e-01
3.818161189556121826e-01 4.913629293441772461e-01
4.383895993232727051e-01 5.508915185928344727e-01
3.905043005943298340e-01 4.923534095287322998e-01
3.651167154312133789e-01 5.573685765266418457e-01
3.286363482475280762e-01 5.159693360328674316e-01
5.183878540992736816e-01 5.121698379516601562e-01
5.184285640716552734e-01 4.754962921142578125e-01
6.409435272216796875e-01 4.963786005973815918e-01
6.420579552650451660e-01 4.747424721717834473e-01
7.728800177574157715e-01 4.932551383972167969e-01
7.755942344665527344e-01 4.755670726299285889e-01
