4.431841075420379639e-01 4.639440774917602539e-01
4.295125603675842285e-01 4.757297039031982422e-01
4.313350319862365723e-01 4.560151994228363037e-01
4.355155825614929199e-01 4.936403036117553711e-01
4.399927258491516113e-01 4.517624080181121826e-01
4.870406091213226318e-01 5.022269487380981445e-01
4.960224628448486328e-01 4.621369540691375732e-01
5.549210309982299805e-01 5.016472935676574707e-01
5.525396466255187988e-01 4.675511717796325684e-01
5.863187313079833984e-01 4.663979709148406982e-01
5.888202786445617676e-01 4.593988060951232910e-01
6.238242983818054199e-01 5.155330896377563477e-01
6.250334978103637695e-01 4.922644495964050293e-01
7.500501871109008789e-01 5.274718999862670898e-01
7.510470151901245117e-01 5.033955574035644531e-01
8.798402547836303711e-01 5.587708950042724609e-01
8.635399341583251953e-01 5.283198952674865723e-01
