4.119182825088500977e-01 5.361536741256713867e-01
4.044510126113891602e-01 5.343186855316162109e-01
4.040451049804687500e-01 5.366843342781066895e-01
4.140644669532775879e-01 5.179082155227661133e-01
4.115988612174987793e-01 5.195680856704711914e-01
4.373330473899841309e-01 5.065745115280151367e-01
4.287696778774261475e-01 5.102980732917785645e-01
3.670303225517272949e-01 5.178546905517578125e-01
3.464515209197998047e-01 5.188826322555541992e-01
2.791019380092620850e-01 5.317266583442687988e-01
2.704725861549377441e-01 5.385312438011169434e-01
5.644640922546386719e-01 4.805950820446014404e-01
5.656701922416687012e-01 4.778891503810882568e-01
7.037956118583679199e-01 4.813851118087768555e-01
7.028359174728393555e-01 4.767090678215026855e-01
8.209809064865112305e-01 4.657683372497558594e-01
8.254770636558532715e-01 4.531851708889007568e-01
