3.250756263732910156e-01 6.616415977478027344e-01
3.216713666915893555e-01 6.650365591049194336e-01
3.147239685058593750e-01 6.567311286926269531e-01
3.371625542640686035e-01 6.748418211936950684e-01
3.233368992805480957e-01 6.472250223159790039e-01
3.900465965270996094e-01 6.667352914810180664e-01
3.606382012367248535e-01 6.323573589324951172e-01
4.643548727035522461e-01 6.528972387313842773e-01
3.070711493492126465e-01 5.859265923500061035e-01
4.788161218166351318e-01 6.396456360816955566e-01
2.860712110996246338e-01 5.832328796386718750e-01
5.173436403274536133e-01 6.314603090286254883e-01
5.103024244308471680e-01 5.991279482841491699e-01
6.408139467239379883e-01 6.210249066352844238e-01
6.361129283905029297e-01 5.819640159606933594e-01
7.805447578430175781e-01 6.134476661682128906e-01
7.751795649528503418e-01 5.528291463851928711e-01
