3.433098495006561279e-01 5.450925230979919434e-01
3.376931846141815186e-01 5.435759425163269043e-01
3.304794430732727051e-01 5.372437238693237305e-01
3.453184366226196289e-01 5.480527877807617188e-01
3.366879224777221680e-01 5.225157737731933594e-01
3.914341330528259277e-01 5.402720570564270020e-01
3.839206099510192871e-01 4.903562068939208984e-01
4.584414958953857422e-01 5.485248565673828125e-01
4.641774892807006836e-01 4.707975089550018311e-01
5.231395959854125977e-01 5.525673627853393555e-01
5.137501955032348633e-01 5.203924775123596191e-01
5.143308043479919434e-01 5.051150918006896973e-01
5.133306980133056641e-01 4.632998406887054443e-01
6.236146092414855957e-01 5.092473030090332031e-01
6.213546395301818848e-01 4.529703259468078613e-01
7.419116497039794922e-01 5.059070587158203125e-01
7.341480255126953125e-01 4.562327861785888672e-01
