4.996611475944519043e-01 3.187145292758941650e-01
5.053829550743103027e-01 3.025416135787963867e-01
5.020346641540527344e-01 3.206375241279602051e-01
5.031707286834716797e-01 3.003852069377899170e-01
4.975462853908538818e-01 3.402868509292602539e-01
4.851373136043548584e-01 3.102787137031555176e-01
4.971572160720825195e-01 3.760867118835449219e-01
5.394428968429565430e-01 2.856103777885437012e-01
5.017617940902709961e-01 3.557870090007781982e-01
5.943184494972229004e-01 2.554556727409362793e-01
5.227653980255126953e-01 3.471795320510864258e-01
4.810974597930908203e-01 3.948100507259368896e-01
4.973013997077941895e-01 4.471271038055419922e-01
5.530017614364624023e-01 3.256806731224060059e-01
5.346194505691528320e-01 4.061275422573089600e-01
7.561718225479125977e-01 6.223400235176086426e-01
7.544643282890319824e-01 6.212809085845947266e-01
