4.439761638641357422e-01 4.894450604915618896e-01
4.324685037136077881e-01 4.992460608482360840e-01
4.309063553810119629e-01 4.803369641304016113e-01
4.399363696575164795e-01 5.143498182296752930e-01
4.367107152938842773e-01 4.691810011863708496e-01
5.024770498275756836e-01 5.171588659286499023e-01
4.986409842967987061e-01 4.613149762153625488e-01
5.770384073257446289e-01 5.028063654899597168e-01
5.616383552551269531e-01 4.339395463466644287e-01
5.598180294036865234e-01 4.657694101333618164e-01
5.611753463745117188e-01 4.345515370368957520e-01
6.506640315055847168e-01 4.909676909446716309e-01
6.505671143531799316e-01 4.488829076290130615e-01
7.647635936737060547e-01 4.829589724540710449e-01
7.615596055984497070e-01 4.365950226783752441e-01
8.738570213317871094e-01 4.769524037837982178e-01
8.647766113281250000e-01 4.351010918617248535e-01
