4.345096945762634277e-01 5.362935662269592285e-01
4.286691546440124512e-01 5.377719402313232422e-01
4.278686046600341797e-01 5.353382825851440430e-01
4.343174099922180176e-01 5.386880636215209961e-01
4.279108047485351562e-01 5.275474786758422852e-01
4.590383172035217285e-01 5.299437046051025391e-01
4.449814558029174805e-01 4.985143840312957764e-01
3.710758388042449951e-01 5.378707647323608398e-01
3.666111826896667480e-01 5.231614112854003906e-01
3.034999966621398926e-01 5.636225342750549316e-01
2.994482517242431641e-01 5.614082217216491699e-01
5.656281709671020508e-01 4.913338124752044678e-01
5.592322349548339844e-01 4.652011394500732422e-01
6.952146887779235840e-01 4.929626882076263428e-01
6.876480579376220703e-01 4.516093432903289795e-01
8.059177398681640625e-01 4.785481393337249756e-01
8.064678907394409180e-01 4.253401756286621094e-01
