3.641287982463836670e-01 4.492251276969909668e-01
3.501423597335815430e-01 4.609269499778747559e-01
3.497644662857055664e-01 4.391184747219085693e-01
3.544741868972778320e-01 4.766261279582977295e-01
3.534273803234100342e-01 4.297018647193908691e-01
4.202989339828491211e-01 4.895399510860443115e-01
4.165154099464416504e-01 4.080103337764739990e-01
5.127024650573730469e-01 5.038246512413024902e-01
5.074217915534973145e-01 3.706403970718383789e-01
5.799314379692077637e-01 4.698551893234252930e-01
5.867057442665100098e-01 3.980174660682678223e-01
5.740056037902832031e-01 4.586404263973236084e-01
5.675374269485473633e-01 4.095471799373626709e-01
7.024254202842712402e-01 4.649060666561126709e-01
6.941275000572204590e-01 4.084906578063964844e-01
8.400144577026367188e-01 4.777449071407318115e-01
7.630299329757690430e-01 3.991371393203735352e-01
