3.674913346767425537e-01 4.118577241897583008e-01
3.612458705902099609e-01 4.200401306152343750e-01
3.583691120147705078e-01 4.096738994121551514e-01
3.709666728973388672e-01 4.264613091945648193e-01
3.675425648689270020e-01 3.924157619476318359e-01
4.262189269065856934e-01 4.331398904323577881e-01
4.295094907283782959e-01 3.769806623458862305e-01
4.905192553997039795e-01 4.344882667064666748e-01
4.942207932472229004e-01 3.721808195114135742e-01
5.663382411003112793e-01 4.349519610404968262e-01
5.632935762405395508e-01 4.013121724128723145e-01
5.732139348983764648e-01 4.116151928901672363e-01
5.752979516983032227e-01 3.784006834030151367e-01
7.014873027801513672e-01 4.288332164287567139e-01
7.094300985336303711e-01 3.730686902999877930e-01
8.232182264328002930e-01 4.255593717098236084e-01
8.307104110717773438e-01 3.571730852127075195e-01
