4.015083909034729004e-01 5.230445265769958496e-01
3.970345854759216309e-01 5.215770006179809570e-01
3.980862796306610107e-01 5.237721204757690430e-01
4.074427783489227295e-01 5.054810047149658203e-01
4.066263437271118164e-01 5.098862648010253906e-01
4.373495280742645264e-01 4.983880519866943359e-01
4.403637647628784180e-01 4.973310232162475586e-01
4.445571601390838623e-01 5.008903741836547852e-01
4.040959477424621582e-01 5.050632357597351074e-01
2.926480472087860107e-01 5.060723423957824707e-01
3.010072708129882812e-01 5.021260976791381836e-01
5.699638128280639648e-01 4.742636382579803467e-01
5.717096924781799316e-01 4.782185256481170654e-01
7.038421630859375000e-01 4.910886287689208984e-01
7.061684131622314453e-01 4.742491245269775391e-01
8.168785572052001953e-01 4.832181930541992188e-01
8.264684081077575684e-01 4.698362946510314941e-01
