4.689364135265350342e-01 5.852559804916381836e-01
4.617678523063659668e-01 5.801444649696350098e-01
4.640132188796997070e-01 5.807062983512878418e-01
4.582588374614715576e-01 5.591180920600891113e-01
4.572272300720214844e-01 5.734501481056213379e-01
4.870076775550842285e-01 5.261813402175903320e-01
4.943204522132873535e-01 5.676053762435913086e-01
5.421737432479858398e-01 5.403492450714111328e-01
5.448752641677856445e-01 5.766319036483764648e-01
5.914036035537719727e-01 5.606615543365478516e-01
5.918527841567993164e-01 5.785068273544311523e-01
5.881451964378356934e-01 5.050265192985534668e-01
5.916696786880493164e-01 5.411518812179565430e-01
6.915773749351501465e-01 5.053822398185729980e-01
6.829454302787780762e-01 5.416161417961120605e-01
7.756738662719726562e-01 5.035269260406494141e-01
7.772530913352966309e-01 5.104556083679199219e-01
