4.447357654571533203e-01 5.007864236831665039e-01
4.337355792522430420e-01 5.080863237380981445e-01
4.322070777416229248e-01 4.885461926460266113e-01
4.423680007457733154e-01 5.206894874572753906e-01
4.383296668529510498e-01 4.759741425514221191e-01
5.020130872726440430e-01 5.181576013565063477e-01
4.944235682487487793e-01 4.602861106395721436e-01
5.586544871330261230e-01 4.911724925041198730e-01
5.490123033523559570e-01 4.271448552608489990e-01
6.060023307800292969e-01 4.702827334403991699e-01
5.779440999031066895e-01 4.225416779518127441e-01
6.356641054153442383e-01 4.809966683387756348e-01
6.299107074737548828e-01 4.386347532272338867e-01
7.178997397422790527e-01 4.659942388534545898e-01
7.193442583084106445e-01 4.148954749107360840e-01
8.352667093276977539e-01 4.334231317043304443e-01
8.207116127014160156e-01 3.986677825450897217e-01
