4.070515036582946777e-01 5.158793926239013672e-01
3.977065682411193848e-01 5.067540407180786133e-01
4.003297686576843262e-01 5.166544914245605469e-01
4.057924449443817139e-01 4.917984902858734131e-01
4.058545827865600586e-01 5.056580901145935059e-01
4.332494139671325684e-01 4.829443097114562988e-01
4.347879290580749512e-01 5.020324587821960449e-01
4.805982112884521484e-01 4.569114148616790771e-01
4.148148298263549805e-01 5.100514888763427734e-01
4.802196025848388672e-01 4.616729617118835449e-01
3.566806912422180176e-01 5.119953751564025879e-01
5.707033872604370117e-01 4.524220824241638184e-01
5.794957876205444336e-01 4.874844253063201904e-01
7.104080915451049805e-01 4.571212530136108398e-01
7.115549445152282715e-01 4.882446527481079102e-01
8.317819833755493164e-01 4.544326066970825195e-01
8.339180350303649902e-01 4.818859100341796875e-01
