3.648521900177001953e-01 3.705977797508239746e-01
3.570682704448699951e-01 3.701782822608947754e-01
3.534558713436126709e-01 3.550780713558197021e-01
3.683861196041107178e-01 3.602901101112365723e-01
3.581007122993469238e-01 3.178354501724243164e-01
4.304423332214355469e-01 3.631848692893981934e-01
4.210556745529174805e-01 2.907233834266662598e-01
5.158007740974426270e-01 3.570131063461303711e-01
5.026957988739013672e-01 2.639618217945098877e-01
5.532416105270385742e-01 3.298418521881103516e-01
5.510953664779663086e-01 2.805084586143493652e-01
5.745233297348022461e-01 2.929020524024963379e-01
5.646010637283325195e-01 2.585613131523132324e-01
7.028511762619018555e-01 2.826773524284362793e-01
7.007046937942504883e-01 2.492354512214660645e-01
8.400704860687255859e-01 2.714889645576477051e-01
8.262069225311279297e-01 2.376214265823364258e-01
