3.605254292488098145e-01 6.678504943847656250e-01
3.533241748809814453e-01 6.787008047103881836e-01
3.525915741920471191e-01 6.650832891464233398e-01
3.639210164546966553e-01 6.934504508972167969e-01
3.620668649673461914e-01 6.519408822059631348e-01
4.140416383743286133e-01 7.053806185722351074e-01
4.163437485694885254e-01 6.344453096389770508e-01
4.751436710357666016e-01 7.404434680938720703e-01
4.807894825935363770e-01 6.238628029823303223e-01
5.035336017608642578e-01 7.460330724716186523e-01
5.371577739715576172e-01 6.180112361907958984e-01
5.407409667968750000e-01 6.945332288742065430e-01
5.405724048614501953e-01 6.445744037628173828e-01
6.473079919815063477e-01 7.024440169334411621e-01
6.451663374900817871e-01 6.607830524444580078e-01
7.393113970756530762e-01 7.119626998901367188e-01
7.180134057998657227e-01 6.681587100028991699e-01
