4.111343324184417725e-01 5.192828178405761719e-01
4.074363708496093750e-01 5.213175415992736816e-01
4.038574099540710449e-01 5.168568491935729980e-01
4.312009513378143311e-01 5.276802778244018555e-01
4.174435138702392578e-01 5.085127353668212891e-01
4.880720376968383789e-01 5.136702060699462891e-01
4.486028850078582764e-01 4.871958494186401367e-01
5.678586959838867188e-01 5.190855264663696289e-01
3.693904876708984375e-01 4.465879797935485840e-01
5.638626813888549805e-01 5.182710886001586914e-01
2.964797019958496094e-01 4.092843532562255859e-01
6.069527864456176758e-01 4.777255654335021973e-01
5.962274670600891113e-01 4.520970284938812256e-01
7.323380708694458008e-01 4.837003946304321289e-01
7.257041931152343750e-01 4.462243020534515381e-01
8.880652189254760742e-01 5.100062489509582520e-01
8.522318601608276367e-01 4.193216562271118164e-01
