3.972955644130706787e-01 3.204419314861297607e-01
3.857733011245727539e-01 3.281885981559753418e-01
3.904505372047424316e-01 3.108626604080200195e-01
4.008677601814270020e-01 3.340034186840057373e-01
4.030552506446838379e-01 2.953857481479644775e-01
4.660426974296569824e-01 3.536363542079925537e-01
4.662104547023773193e-01 2.767582237720489502e-01
5.504875183105468750e-01 3.701318204402923584e-01
5.509083271026611328e-01 2.919177412986755371e-01
5.983912944793701172e-01 3.444780111312866211e-01
5.962870121002197266e-01 3.078387379646301270e-01
6.233942508697509766e-01 3.341109752655029297e-01
6.183897256851196289e-01 2.958410382270812988e-01
7.435125112533569336e-01 3.325407505035400391e-01
7.431761026382446289e-01 3.019474148750305176e-01
8.940679430961608887e-01 3.432467877864837646e-01
8.773195147514343262e-01 3.211144208908081055e-01
