3.761159777641296387e-01 4.037633538246154785e-01
3.697752356529235840e-01 4.130000770092010498e-01
3.692080378532409668e-01 4.068158268928527832e-01
3.806990385055541992e-01 4.102734327316284180e-01
3.774520754814147949e-01 3.999813199043273926e-01
4.207264780998229980e-01 3.994065523147583008e-01
4.176695942878723145e-01 3.806529641151428223e-01
4.103021025657653809e-01 4.112370610237121582e-01
4.003729522228240967e-01 4.008453786373138428e-01
3.816168308258056641e-01 4.184822738170623779e-01
3.735458552837371826e-01 4.107158184051513672e-01
5.745998620986938477e-01 3.575760126113891602e-01
5.720393657684326172e-01 3.360002040863037109e-01
7.215780019760131836e-01 3.470160663127899170e-01
7.217779159545898438e-01 3.035211563110351562e-01
8.369597196578979492e-01 3.374111354351043701e-01
8.295309543609619141e-01 2.937295436859130859e-01
