3.840518593788146973e-01 5.113570690155029297e-01
3.732787966728210449e-01 5.067294239997863770e-01
3.751242160797119141e-01 5.092586278915405273e-01
3.859733939170837402e-01 4.918716549873352051e-01
3.890155553817749023e-01 4.993607401847839355e-01
4.284587800502777100e-01 4.815912842750549316e-01
4.248104095458984375e-01 4.945944547653198242e-01
3.911070823669433594e-01 5.018845200538635254e-01
3.562634587287902832e-01 4.999695718288421631e-01
2.878008782863616943e-01 4.901397824287414551e-01
2.842815518379211426e-01 4.854885041713714600e-01
5.693284273147583008e-01 4.644263982772827148e-01
5.715253353118896484e-01 4.905647635459899902e-01
7.137123942375183105e-01 4.708255529403686523e-01
7.069894671440124512e-01 5.223499536514282227e-01
8.279143571853637695e-01 4.677319526672363281e-01
8.308517336845397949e-01 5.128178596496582031e-01
