2.725877761840820312e-01 6.275528073310852051e-01
2.609794139862060547e-01 6.253212094306945801e-01
2.647200822830200195e-01 6.217709183692932129e-01
2.618899345397949219e-01 6.381872892379760742e-01
2.668021917343139648e-01 6.170709133148193359e-01
3.071306347846984863e-01 6.615240573883056641e-01
3.148766160011291504e-01 6.107124686241149902e-01
3.745985031127929688e-01 6.779289245605468750e-01
3.855785727500915527e-01 6.080410480499267578e-01
3.977790772914886475e-01 6.578147411346435547e-01
4.089044928550720215e-01 6.201948523521423340e-01
4.541556239128112793e-01 6.774899363517761230e-01
4.611262083053588867e-01 6.376752257347106934e-01
5.549388527870178223e-01 6.970560550689697266e-01
5.574302077293395996e-01 6.613495945930480957e-01
6.686663627624511719e-01 7.151743173599243164e-01
6.639865636825561523e-01 6.711861491203308105e-01
