4.775168895721435547e-01 5.779837369918823242e-01
4.707362055778503418e-01 5.776802897453308105e-01
4.718791246414184570e-01 5.797231793403625488e-01
4.650034606456756592e-01 5.619977712631225586e-01
4.652088582515716553e-01 5.659147500991821289e-01
4.917235374450683594e-01 5.475036501884460449e-01
4.996275901794433594e-01 5.389962196350097656e-01
5.466274023056030273e-01 5.525869131088256836e-01
5.535694360733032227e-01 5.332251191139221191e-01
6.148661375045776367e-01 5.556612610816955566e-01
6.161842346191406250e-01 5.460102558135986328e-01
5.890969038009643555e-01 5.205716490745544434e-01
5.929076075553894043e-01 5.111956000328063965e-01
6.996906995773315430e-01 5.042172074317932129e-01
7.045754194259643555e-01 5.006142854690551758e-01
7.972833514213562012e-01 4.999295473098754883e-01
7.495843768119812012e-01 4.976007640361785889e-01
