3.559222221374511719e-01 5.654364824295043945e-01
3.489539325237274170e-01 5.632858276367187500e-01
3.434041142463684082e-01 5.588148236274719238e-01
3.559468686580657959e-01 5.639806985855102539e-01
3.450805544853210449e-01 5.425357222557067871e-01
4.007444977760314941e-01 5.519312620162963867e-01
3.844025731086730957e-01 5.034954547882080078e-01
4.678660035133361816e-01 5.542806386947631836e-01
4.570296406745910645e-01 4.742004871368408203e-01
5.226969122886657715e-01 5.494628548622131348e-01
5.056693553924560547e-01 5.176370143890380859e-01
5.013363957405090332e-01 5.023722648620605469e-01
4.943714737892150879e-01 4.624129533767700195e-01
6.002216935157775879e-01 4.982902705669403076e-01
5.993145704269409180e-01 4.479824304580688477e-01
7.350049018859863281e-01 4.825433492660522461e-01
7.024610042572021484e-01 4.185642004013061523e-01
