2.773662805557250977e-01 6.714444160461425781e-01
2.628857791423797607e-01 6.825002431869506836e-01
2.699537575244903564e-01 6.624625921249389648e-01
2.642614543437957764e-01 7.094137072563171387e-01
2.788857519626617432e-01 6.704367399215698242e-01
3.044766783714294434e-01 7.475906610488891602e-01
3.474354445934295654e-01 6.905789375305175781e-01
3.634483516216278076e-01 7.997596263885498047e-01
4.219100177288055420e-01 7.181366682052612305e-01
4.385894238948822021e-01 8.086293935775756836e-01
4.786396026611328125e-01 7.390931844711303711e-01
4.839662909507751465e-01 8.022427558898925781e-01
4.933886229991912842e-01 7.563864588737487793e-01
5.871858596801757812e-01 8.291475772857666016e-01
6.017833352088928223e-01 7.870634794235229492e-01
6.943392753601074219e-01 8.418235182762145996e-01
6.957852840423583984e-01 8.204771280288696289e-01
