3.388459086418151855e-01 5.576103925704956055e-01
3.323966562747955322e-01 5.584645271301269531e-01
3.212476968765258789e-01 5.585770010948181152e-01
3.309432268142700195e-01 5.596554279327392578e-01
3.077738285064697266e-01 5.427001118659973145e-01
3.994680345058441162e-01 5.301274061203002930e-01
3.860600888729095459e-01 5.140008926391601562e-01
4.896795153617858887e-01 5.108300447463989258e-01
4.900235831737518311e-01 4.987704157829284668e-01
5.379827618598937988e-01 5.260668992996215820e-01
6.210809946060180664e-01 4.642462134361267090e-01
5.777506828308105469e-01 4.806014895439147949e-01
5.853210687637329102e-01 4.588680863380432129e-01
7.079846262931823730e-01 4.461017251014709473e-01
7.077948451042175293e-01 4.319716393947601318e-01
9.001702666282653809e-01 4.668246209621429443e-01
8.364559412002563477e-01 4.509925842285156250e-01
