5.353516340255737305e-01 6.028909683227539062e-01
5.303320884704589844e-01 5.981540679931640625e-01
5.327357649803161621e-01 6.095206737518310547e-01
5.297658443450927734e-01 5.921363830566406250e-01
5.350842475891113281e-01 6.105759143829345703e-01
5.544406175613403320e-01 5.783997774124145508e-01
5.603511333465576172e-01 5.984346866607666016e-01
5.999910831451416016e-01 5.626938343048095703e-01
5.904324054718017578e-01 5.969573259353637695e-01
6.455063819885253906e-01 5.594872236251831055e-01
6.442807912826538086e-01 5.772052407264709473e-01
6.413464546203613281e-01 5.629707574844360352e-01
6.397912502288818359e-01 5.819082260131835938e-01
6.994964480400085449e-01 5.550944805145263672e-01
6.985242366790771484e-01 5.765123963356018066e-01
7.711116075515747070e-01 5.555013418197631836e-01
7.842907905578613281e-01 5.787999629974365234e-01
