4.820225834846496582e-01 5.928426384925842285e-01
4.758338928222656250e-01 5.901790857315063477e-01
4.778977334499359131e-01 5.967568755149841309e-01
4.756697118282318115e-01 5.873264670372009277e-01
4.757478237152099609e-01 6.041815876960754395e-01
5.000535845756530762e-01 5.910112261772155762e-01
5.057706236839294434e-01 6.030498743057250977e-01
5.474284887313842773e-01 5.930879712104797363e-01
5.616610050201416016e-01 6.187729835510253906e-01
5.609939098358154297e-01 5.908113718032836914e-01
5.812941193580627441e-01 6.277584433555603027e-01
5.994472503662109375e-01 6.148636341094970703e-01
6.000827550888061523e-01 6.174098253250122070e-01
6.635892987251281738e-01 6.178329586982727051e-01
6.655505895614624023e-01 6.231288909912109375e-01
7.414690852165222168e-01 6.353571414947509766e-01
7.403435111045837402e-01 6.320247650146484375e-01
