3.140551745891571045e-01 8.899244666099548340e-01
3.035423457622528076e-01 8.857871890068054199e-01
3.103946745395660400e-01 8.879868984222412109e-01
3.077467083930969238e-01 8.900651335716247559e-01
3.106887042522430420e-01 8.853539824485778809e-01
3.395484089851379395e-01 8.867630958557128906e-01
3.387953937053680420e-01 8.861564993858337402e-01
3.806104063987731934e-01 8.954579830169677734e-01
3.766688704490661621e-01 8.917224407196044922e-01
4.045698642730712891e-01 8.828680515289306641e-01
4.012169539928436279e-01 8.800256252288818359e-01
4.149388670921325684e-01 8.967599272727966309e-01
4.147654175758361816e-01 8.949425220489501953e-01
4.635789990425109863e-01 9.015423655509948730e-01
4.653256535530090332e-01 9.013079404830932617e-01
5.262690186500549316e-01 8.981053233146667480e-01
5.245458483695983887e-01 8.953838348388671875e-01
