4.579613804817199707e-01 4.940854310989379883e-01
4.512438774108886719e-01 4.961159825325012207e-01
4.518480300903320312e-01 4.808357954025268555e-01
4.552874565124511719e-01 5.006386637687683105e-01
4.569346904754638672e-01 4.672046601772308350e-01
5.076940655708312988e-01 5.381455421447753906e-01
5.186460018157958984e-01 4.519582688808441162e-01
5.872188210487365723e-01 5.612864494323730469e-01
6.096233129501342773e-01 4.662024378776550293e-01
6.240809559822082520e-01 6.065576076507568359e-01
6.640691161155700684e-01 4.705079197883605957e-01
6.604750156402587891e-01 5.535364747047424316e-01
6.670545339584350586e-01 5.017404556274414062e-01
7.871955633163452148e-01 5.650537610054016113e-01
8.058690428733825684e-01 5.107523202896118164e-01
9.215091466903686523e-01 5.250757336616516113e-01
9.398224353790283203e-01 5.083578824996948242e-01
