4.956620931625366211e-01 5.896428227424621582e-01
4.903308749198913574e-01 5.845555663108825684e-01
4.920007884502410889e-01 5.914498567581176758e-01
4.941920638084411621e-01 5.769422650337219238e-01
4.990541934967041016e-01 5.975494384765625000e-01
5.241368412971496582e-01 5.760568976402282715e-01
5.250030755996704102e-01 6.046450734138488770e-01
5.565796494483947754e-01 5.865769982337951660e-01
5.539392232894897461e-01 6.211352348327636719e-01
5.434409976005554199e-01 6.073238253593444824e-01
5.741835236549377441e-01 6.427412033081054688e-01
6.055442094802856445e-01 5.847299098968505859e-01
6.062161922454833984e-01 6.080059409141540527e-01
6.807813048362731934e-01 5.915299057960510254e-01
6.803582906723022461e-01 6.108137369155883789e-01
7.692275047302246094e-01 5.983438491821289062e-01
7.717472314834594727e-01 6.118316650390625000e-01
