3.534586131572723389e-01 5.283784866333007812e-01
3.497980237007141113e-01 5.287237167358398438e-01
3.510756194591522217e-01 5.264517068862915039e-01
3.516302108764648438e-01 5.318437218666076660e-01
3.531212508678436279e-01 5.256361961364746094e-01
4.092961549758911133e-01 5.260219573974609375e-01
4.137437045574188232e-01 5.070495605468750000e-01
4.789041876792907715e-01 5.137206315994262695e-01
4.897900819778442383e-01 5.068399310111999512e-01
5.175520181655883789e-01 5.419731140136718750e-01
5.185595154762268066e-01 5.377933979034423828e-01
5.385296344757080078e-01 5.222147703170776367e-01
5.504652857780456543e-01 5.020686388015747070e-01
6.699217557907104492e-01 4.826297163963317871e-01
6.756390929222106934e-01 4.689013957977294922e-01
6.622753143310546875e-01 4.831625223159790039e-01
7.067289352416992188e-01 4.829236865043640137e-01
