4.663376808166503906e-01 4.825154542922973633e-01
4.596315622329711914e-01 4.845945537090301514e-01
4.594680070877075195e-01 4.788804054260253906e-01
4.682755470275878906e-01 4.982746243476867676e-01
4.683415293693542480e-01 4.712191820144653320e-01
5.211154222488403320e-01 5.123583078384399414e-01
5.272056460380554199e-01 4.205452203750610352e-01
5.875792503356933594e-01 5.349818468093872070e-01
5.839269161224365234e-01 3.879411220550537109e-01
6.266099810600280762e-01 5.445580482482910156e-01
5.737691521644592285e-01 3.888833522796630859e-01
6.558883190155029297e-01 4.896646142005920410e-01
6.599372625350952148e-01 4.282712936401367188e-01
7.701675891876220703e-01 4.762681126594543457e-01
7.821563482284545898e-01 4.065115153789520264e-01
8.221839666366577148e-01 4.731034636497497559e-01
9.143581390380859375e-01 3.632509708404541016e-01
