5.107221603393554688e-01 5.967438220977783203e-01
5.055512189865112305e-01 5.920737981796264648e-01
5.072732567787170410e-01 6.013062000274658203e-01
5.099169015884399414e-01 5.889340043067932129e-01
5.099856853485107422e-01 6.120945215225219727e-01
5.397557020187377930e-01 5.830399990081787109e-01
5.412924289703369141e-01 6.173574924468994141e-01
5.750555396080017090e-01 5.765646696090698242e-01
5.638108253479003906e-01 6.215218901634216309e-01
6.214235424995422363e-01 5.823063850402832031e-01
5.755055546760559082e-01 6.215705871582031250e-01
6.328018903732299805e-01 5.743174552917480469e-01
6.318407654762268066e-01 6.002578735351562500e-01
7.031034827232360840e-01 5.709764957427978516e-01
7.074305415153503418e-01 5.889674425125122070e-01
7.771922945976257324e-01 5.858555436134338379e-01
7.822002768516540527e-01 6.012821197509765625e-01
