6.369218826293945312e-01 8.193697929382324219e-01
6.329231262207031250e-01 8.206652402877807617e-01
6.338223218917846680e-01 8.198927640914916992e-01
6.336838006973266602e-01 8.227340579032897949e-01
6.336537599563598633e-01 8.201529979705810547e-01
6.513988375663757324e-01 8.197209239006042480e-01
6.520320177078247070e-01 8.216532468795776367e-01
6.672306060791015625e-01 8.268687725067138672e-01
6.649303436279296875e-01 8.311152458190917969e-01
6.807247400283813477e-01 8.255943059921264648e-01
6.804115176200866699e-01 8.226895332336425781e-01
6.921538114547729492e-01 8.215870857238769531e-01
6.932102441787719727e-01 8.231867551803588867e-01
7.222489118576049805e-01 8.274329900741577148e-01
7.239031195640563965e-01 8.226442337036132812e-01
7.661349177360534668e-01 8.232022523880004883e-01
7.667384147644042969e-01 8.226687908172607422e-01
