3.231161534786224365e-01 5.017660260200500488e-01
3.135967850685119629e-01 5.084316730499267578e-01
3.159924149513244629e-01 4.961085915565490723e-01
3.148265779018402100e-01 5.211011767387390137e-01
3.203934431076049805e-01 4.841025769710540771e-01
3.719565272331237793e-01 5.271539688110351562e-01
3.611754775047302246e-01 4.682887494564056396e-01
4.490365684032440186e-01 5.407633185386657715e-01
4.439346492290496826e-01 4.729487299919128418e-01
4.531858563423156738e-01 5.500444173812866211e-01
3.176556527614593506e-01 4.235255420207977295e-01
5.253305435180664062e-01 4.934731423854827881e-01
5.267721414566040039e-01 4.532247781753540039e-01
6.717802286148071289e-01 4.634875059127807617e-01
6.710271239280700684e-01 4.417521357536315918e-01
8.169038295745849609e-01 4.536939561367034912e-01
8.180084228515625000e-01 4.209308624267578125e-01
