4.410437941551208496e-01 4.743098914623260498e-01
4.366333484649658203e-01 4.745966196060180664e-01
4.339514374732971191e-01 4.675420522689819336e-01
4.415016174316406250e-01 4.801078438758850098e-01
4.392797946929931641e-01 4.535511732101440430e-01
4.878958165645599365e-01 4.923137426376342773e-01
4.841102957725524902e-01 4.365431964397430420e-01
5.420841574668884277e-01 5.065780878067016602e-01
5.429822206497192383e-01 4.252011775970458984e-01
5.889587402343750000e-01 5.008760690689086914e-01
5.834150314331054688e-01 4.346747100353240967e-01
5.946344137191772461e-01 4.824206829071044922e-01
5.991147756576538086e-01 4.440705180168151855e-01
6.939298510551452637e-01 4.840782284736633301e-01
6.981882452964782715e-01 4.345812499523162842e-01
7.590348720550537109e-01 4.623747766017913818e-01
7.544857263565063477e-01 4.218388497829437256e-01
