5.148211121559143066e-01 5.963239669799804688e-01
5.121964216232299805e-01 5.933546423912048340e-01
5.107379555702209473e-01 5.971171855926513672e-01
5.166962146759033203e-01 5.935724377632141113e-01
5.166233777999877930e-01 5.907838940620422363e-01
5.446758270263671875e-01 5.986500978469848633e-01
5.475769042968750000e-01 5.868387222290039062e-01
5.946264266967773438e-01 5.947655439376831055e-01
5.930334329605102539e-01 5.825761556625366211e-01
6.183797717094421387e-01 5.841929912567138672e-01
6.179564595222473145e-01 5.770221948623657227e-01
6.444772481918334961e-01 5.774087905883789062e-01
6.410455107688903809e-01 5.748274326324462891e-01
7.007749080657958984e-01 5.705108642578125000e-01
7.037510871887207031e-01 5.739654302597045898e-01
7.877449393272399902e-01 5.702385902404785156e-01
7.843274474143981934e-01 5.779790282249450684e-01
