3.747753500938415527e-01 4.688461422920227051e-01
3.688957691192626953e-01 4.692438542842864990e-01
3.710903823375701904e-01 4.680138528347015381e-01
3.702242374420166016e-01 4.732385277748107910e-01
3.836633861064910889e-01 4.577007293701171875e-01
4.167459905147552490e-01 4.817757010459899902e-01
4.289781451225280762e-01 4.747436046600341797e-01
4.542345404624938965e-01 5.181190371513366699e-01
4.755926132202148438e-01 4.573165178298950195e-01
4.615239500999450684e-01 5.809829235076904297e-01
4.543852210044860840e-01 4.539242386817932129e-01
5.491496324539184570e-01 4.762029647827148438e-01
5.395088195800781250e-01 4.747359454631805420e-01
6.081965565681457520e-01 4.898616969585418701e-01
6.125817298889160156e-01 4.866506457328796387e-01
6.192415356636047363e-01 5.873229503631591797e-01
7.709264159202575684e-01 4.082335829734802246e-01
