6.101580858230590820e-01 8.403918743133544922e-01
6.073175668716430664e-01 8.427461385726928711e-01
6.070930957794189453e-01 8.390985727310180664e-01
6.095987558364868164e-01 8.466033935546875000e-01
6.090528964996337891e-01 8.357760906219482422e-01
6.228414177894592285e-01 8.480104804039001465e-01
6.206100583076477051e-01 8.355555534362792969e-01
6.413124799728393555e-01 8.609526157379150391e-01
6.405384540557861328e-01 8.353666067123413086e-01
6.515090465545654297e-01 8.455423116683959961e-01
6.526766419410705566e-01 8.365027904510498047e-01
6.590552330017089844e-01 8.439967036247253418e-01
6.603926420211791992e-01 8.398416042327880859e-01
6.915573477745056152e-01 8.510433435440063477e-01
6.928719282150268555e-01 8.444793224334716797e-01
7.306427359580993652e-01 8.433496952056884766e-01
7.335864305496215820e-01 8.364737033843994141e-01
