3.987778127193450928e-01 4.629879891872406006e-01
3.901893496513366699e-01 4.601866602897644043e-01
3.942456245422363281e-01 4.672734141349792480e-01
3.907387852668762207e-01 4.566369652748107910e-01
3.959855735301971436e-01 4.637231528759002686e-01
4.413577318191528320e-01 4.549888968467712402e-01
4.413974285125732422e-01 4.697386920452117920e-01
4.795812964439392090e-01 4.244835376739501953e-01
5.056613683700561523e-01 4.672579765319824219e-01
4.083054959774017334e-01 4.175816774368286133e-01
4.051744341850280762e-01 4.576585888862609863e-01
5.911360979080200195e-01 4.537774920463562012e-01
5.926120877265930176e-01 4.680766463279724121e-01
7.320076823234558105e-01 4.367702901363372803e-01
7.378315329551696777e-01 4.410105347633361816e-01
8.537129759788513184e-01 3.944970965385437012e-01
8.664125204086303711e-01 3.996437191963195801e-01
