4.435532689094543457e-01 5.123106241226196289e-01
4.373976886272430420e-01 5.144933462142944336e-01
4.379791021347045898e-01 5.075948238372802734e-01
4.454755187034606934e-01 5.222204327583312988e-01
4.441897869110107422e-01 4.952572584152221680e-01
5.024043321609497070e-01 5.203126072883605957e-01
4.946242570877075195e-01 4.916193485260009766e-01
5.916239619255065918e-01 5.434589982032775879e-01
5.820231437683105469e-01 4.842311143875122070e-01
6.188318729400634766e-01 5.445715188980102539e-01
6.347740888595581055e-01 5.016135573387145996e-01
6.549152135848999023e-01 5.047188401222229004e-01
6.538383960723876953e-01 4.747776985168457031e-01
7.626720666885375977e-01 5.186277627944946289e-01
7.662851810455322266e-01 4.747289419174194336e-01
8.859086036682128906e-01 4.892259538173675537e-01
8.843811750411987305e-01 4.853597581386566162e-01
