4.357746243476867676e-01 5.091655850410461426e-01
4.285010099411010742e-01 5.130086541175842285e-01
4.258812665939331055e-01 5.056559443473815918e-01
4.382796287536621094e-01 5.237291455268859863e-01
4.239858388900756836e-01 5.009312629699707031e-01
5.007015466690063477e-01 5.248457193374633789e-01
4.846000373363494873e-01 4.999212026596069336e-01
5.866465568542480469e-01 5.354012846946716309e-01
5.773390531539916992e-01 4.887128472328186035e-01
6.380002498626708984e-01 5.434877276420593262e-01
6.343860030174255371e-01 5.190608501434326172e-01
6.542754173278808594e-01 5.063103437423706055e-01
6.528546810150146484e-01 4.849167466163635254e-01
7.548594474792480469e-01 5.097039937973022461e-01
7.532985210418701172e-01 4.900293052196502686e-01
8.860465884208679199e-01 4.748815298080444336e-01
8.799064159393310547e-01 4.814727306365966797e-01
