4.594776332378387451e-01 4.769836366176605225e-01
4.515377879142761230e-01 4.849897027015686035e-01
4.506756961345672607e-01 4.720239639282226562e-01
4.597116410732269287e-01 4.952149093151092529e-01
4.591744542121887207e-01 4.694163799285888672e-01
5.056545138359069824e-01 5.042370557785034180e-01
5.118432044982910156e-01 4.591328799724578857e-01
5.850787162780761719e-01 5.573641657829284668e-01
5.762003064155578613e-01 4.176243543624877930e-01
6.028258800506591797e-01 5.843467712402343750e-01
5.769615173339843750e-01 3.983185291290283203e-01
6.676048636436462402e-01 5.109709501266479492e-01
6.713956594467163086e-01 4.822337329387664795e-01
7.993750572204589844e-01 4.812162518501281738e-01
8.035073280334472656e-01 4.589634537696838379e-01
9.326131343841552734e-01 4.667033553123474121e-01
9.476319551467895508e-01 4.623854160308837891e-01
