4.935299754142761230e-01 6.033180952072143555e-01
4.822848737239837646e-01 6.003508567810058594e-01
4.835594892501831055e-01 5.939910411834716797e-01
4.848607182502746582e-01 6.140846014022827148e-01
4.848698973655700684e-01 5.932462811470031738e-01
5.199896097183227539e-01 6.171895861625671387e-01
5.193385481834411621e-01 5.930509567260742188e-01
5.572830438613891602e-01 6.460182070732116699e-01
5.673173666000366211e-01 6.047153472900390625e-01
6.294618248939514160e-01 6.414593458175659180e-01
6.030487418174743652e-01 6.122397780418395996e-01
6.152914166450500488e-01 6.345481872558593750e-01
6.161841154098510742e-01 6.139779090881347656e-01
6.776224374771118164e-01 6.394224166870117188e-01
6.746737360954284668e-01 6.300591826438903809e-01
7.678717374801635742e-01 6.653523445129394531e-01
7.583135962486267090e-01 6.569363474845886230e-01
