5.271418690681457520e-01 6.046109199523925781e-01
5.156041979789733887e-01 5.994988679885864258e-01
5.231407880783081055e-01 6.067275404930114746e-01
5.176583528518676758e-01 5.960958003997802734e-01
5.239824652671813965e-01 6.066302061080932617e-01
5.490224361419677734e-01 5.899631977081298828e-01
5.518618226051330566e-01 5.938433408737182617e-01
5.896538496017456055e-01 5.862230062484741211e-01
5.867296457290649414e-01 6.053426265716552734e-01
6.286220550537109375e-01 5.738267302513122559e-01
6.387939453125000000e-01 5.680745840072631836e-01
6.361721754074096680e-01 5.740358829498291016e-01
6.342155933380126953e-01 5.774549245834350586e-01
6.994975805282592773e-01 5.571433305740356445e-01
7.007033824920654297e-01 5.679090619087219238e-01
7.855186462402343750e-01 5.522645711898803711e-01
7.859534621238708496e-01 5.577270984649658203e-01
