3.212871551513671875e-01 4.856783747673034668e-01
3.161094784736633301e-01 4.877266585826873779e-01
3.229925036430358887e-01 4.553351998329162598e-01
3.220299482345581055e-01 5.087738633155822754e-01
3.197109103202819824e-01 4.811901748180389404e-01
3.840295672416687012e-01 5.153647661209106445e-01
3.557965755462646484e-01 4.700892567634582520e-01
4.479992091655731201e-01 5.122329592704772949e-01
4.316725730895996094e-01 4.685496091842651367e-01
4.959542751312255859e-01 5.276132225990295410e-01
4.275784194469451904e-01 4.522908627986907959e-01
5.178242325782775879e-01 4.882549941539764404e-01
5.190212726593017578e-01 4.581248760223388672e-01
6.577128171920776367e-01 4.557012021541595459e-01
6.548680067062377930e-01 4.286082684993743896e-01
8.081327676773071289e-01 4.330932497978210449e-01
8.055377006530761719e-01 4.014254510402679443e-01
