4.021965265274047852e-01 4.625377058982849121e-01
3.945078253746032715e-01 4.606624841690063477e-01
3.969658315181732178e-01 4.606519937515258789e-01
4.025287330150604248e-01 4.488030672073364258e-01
4.042919278144836426e-01 4.519233405590057373e-01
4.600553214550018311e-01 4.343885779380798340e-01
4.555265307426452637e-01 4.659430682659149170e-01
4.827740788459777832e-01 4.382509589195251465e-01
5.432029962539672852e-01 4.594336450099945068e-01
4.287317395210266113e-01 4.725294709205627441e-01
4.239907860755920410e-01 4.839799106121063232e-01
6.259669661521911621e-01 4.247394800186157227e-01
6.205871105194091797e-01 4.461584985256195068e-01
7.608432173728942871e-01 4.028382003307342529e-01
7.610859870910644531e-01 4.130169749259948730e-01
8.483734130859375000e-01 3.440780043601989746e-01
8.502599596977233887e-01 3.598805665969848633e-01
