6.285527944564819336e-01 8.294377326965332031e-01
6.248090267181396484e-01 8.308644294738769531e-01
6.253933906555175781e-01 8.304815292358398438e-01
6.259883642196655273e-01 8.313331007957458496e-01
6.273307800292968750e-01 8.334068655967712402e-01
6.434206366539001465e-01 8.325791358947753906e-01
6.436053514480590820e-01 8.359594345092773438e-01
6.566331386566162109e-01 8.365923762321472168e-01
6.579558849334716797e-01 8.465440273284912109e-01
6.690651178359985352e-01 8.344551324844360352e-01
6.684031486511230469e-01 8.363873958587646484e-01
6.827242374420166016e-01 8.348894119262695312e-01
6.826266646385192871e-01 8.411039113998413086e-01
7.132240533828735352e-01 8.378294706344604492e-01
7.144190669059753418e-01 8.408941030502319336e-01
7.567970752716064453e-01 8.308076262474060059e-01
7.595343589782714844e-01 8.349841833114624023e-01
