4.140711724758148193e-01 5.785437226295471191e-01
4.078954458236694336e-01 5.853167772293090820e-01
4.054920077323913574e-01 5.694758296012878418e-01
4.167360961437225342e-01 5.908290147781372070e-01
4.110254049301147461e-01 5.505527257919311523e-01
4.617409408092498779e-01 5.942606329917907715e-01
4.630704820156097412e-01 5.254299044609069824e-01
4.882847964763641357e-01 6.398496031761169434e-01
4.976530075073242188e-01 4.807272553443908691e-01
4.380584955215454102e-01 6.902015209197998047e-01
5.009248256683349609e-01 4.814400374889373779e-01
6.210722923278808594e-01 5.398138761520385742e-01
6.174293756484985352e-01 4.948475062847137451e-01
7.359713912010192871e-01 5.218960642814636230e-01
7.339629530906677246e-01 4.676681160926818848e-01
8.482177257537841797e-01 4.987632632255554199e-01
8.572481870651245117e-01 4.319758117198944092e-01
