5.285411477088928223e-01 6.392176747322082520e-01
5.241384506225585938e-01 6.379376649856567383e-01
5.260857343673706055e-01 6.396446228027343750e-01
5.229200124740600586e-01 6.363381147384643555e-01
5.204237699508666992e-01 6.273281574249267578e-01
5.427309870719909668e-01 6.254904270172119141e-01
5.467203259468078613e-01 6.183091402053833008e-01
5.668835043907165527e-01 6.269775629043579102e-01
5.653373599052429199e-01 6.257658004760742188e-01
5.857271552085876465e-01 6.180684566497802734e-01
6.061882376670837402e-01 6.013407707214355469e-01
6.236581802368164062e-01 6.159545779228210449e-01
6.233195066452026367e-01 6.137429475784301758e-01
6.904248595237731934e-01 6.128594875335693359e-01
6.929797530174255371e-01 6.064311265945434570e-01
7.570500373840332031e-01 6.163033843040466309e-01
7.594525218009948730e-01 6.107534170150756836e-01
