3.381943702697753906e-01 4.521720409393310547e-01
3.328376710414886475e-01 4.546532034873962402e-01
3.328051567077636719e-01 4.519008994102478027e-01
3.292556703090667725e-01 5.014231801033020020e-01
3.285886645317077637e-01 4.645721316337585449e-01
3.896188735961914062e-01 4.969587028026580811e-01
3.766912221908569336e-01 4.832408130168914795e-01
4.518213272094726562e-01 4.919528663158416748e-01
4.455384612083435059e-01 4.666954278945922852e-01
4.906476438045501709e-01 4.856933951377868652e-01
4.868414103984832764e-01 4.619952142238616943e-01
5.336353778839111328e-01 4.683419167995452881e-01
5.351892709732055664e-01 4.580974280834197998e-01
6.556761860847473145e-01 4.347749650478363037e-01
6.583551764488220215e-01 4.210644662380218506e-01
8.021779060363769531e-01 4.044010639190673828e-01
8.048522472381591797e-01 3.775452077388763428e-01
