4.439947307109832764e-01 4.727103412151336670e-01
4.368622303009033203e-01 4.811973571777343750e-01
4.341224133968353271e-01 4.682331681251525879e-01
4.431599974632263184e-01 4.961466491222381592e-01
4.421415328979492188e-01 4.599251747131347656e-01
4.909317493438720703e-01 5.128574371337890625e-01
4.913942515850067139e-01 4.459413886070251465e-01
5.379433631896972656e-01 5.187325477600097656e-01
5.460026264190673828e-01 4.326011538505554199e-01
5.875383615493774414e-01 5.147365927696228027e-01
6.025266051292419434e-01 4.404100179672241211e-01
5.930142402648925781e-01 4.997600913047790527e-01
6.074698567390441895e-01 4.473295807838439941e-01
7.103588581085205078e-01 4.913191199302673340e-01
7.101231813430786133e-01 4.417726695537567139e-01
8.096058368682861328e-01 4.782844185829162598e-01
8.116389513015747070e-01 4.550245702266693115e-01
