4.361788928508758545e-01 5.289905667304992676e-01
4.181565940380096436e-01 5.309432744979858398e-01
4.187948405742645264e-01 5.279208421707153320e-01
4.323516786098480225e-01 5.288860797882080078e-01
4.237105548381805420e-01 5.196015238761901855e-01
4.928461909294128418e-01 5.191879272460937500e-01
4.881207644939422607e-01 5.079683065414428711e-01
5.795459747314453125e-01 5.189737081527709961e-01
5.772185325622558594e-01 5.001584887504577637e-01
6.228947639465332031e-01 5.222356319427490234e-01
6.344423890113830566e-01 5.091698169708251953e-01
6.521192789077758789e-01 5.055048465728759766e-01
6.515150070190429688e-01 4.911942183971405029e-01
7.476364374160766602e-01 5.157136917114257812e-01
7.553874254226684570e-01 4.830579459667205811e-01
8.686966300010681152e-01 5.110310316085815430e-01
8.661224842071533203e-01 4.817628562450408936e-01
