5.022647380828857422e-01 5.486723184585571289e-01
4.969689548015594482e-01 5.553278923034667969e-01
4.964884221553802490e-01 5.445801019668579102e-01
5.009496212005615234e-01 5.643211603164672852e-01
4.990268349647521973e-01 5.378148555755615234e-01
5.307677388191223145e-01 5.795351266860961914e-01
5.311636924743652344e-01 5.242878794670104980e-01
5.690749883651733398e-01 5.884558558464050293e-01
5.609117150306701660e-01 5.090588331222534180e-01
5.910759568214416504e-01 5.730242133140563965e-01
5.985881090164184570e-01 5.037531852722167969e-01
6.076848506927490234e-01 5.752964615821838379e-01
6.069021224975585938e-01 5.381125807762145996e-01
6.698912978172302246e-01 5.715277194976806641e-01
6.676625609397888184e-01 5.357240438461303711e-01
7.321460247039794922e-01 5.846722722053527832e-01
7.407073378562927246e-01 5.410734415054321289e-01
