3.565733432769775391e-01 4.708324074745178223e-01
3.510681092739105225e-01 4.683856368064880371e-01
3.518092632293701172e-01 4.654048085212707520e-01
3.590539693832397461e-01 4.692379236221313477e-01
3.600915372371673584e-01 4.594984948635101318e-01
4.077200591564178467e-01 4.842815995216369629e-01
4.070962667465209961e-01 4.592013061046600342e-01
4.758521914482116699e-01 5.316005945205688477e-01
4.802236258983612061e-01 4.627641141414642334e-01
4.685878753662109375e-01 5.500231981277465820e-01
4.691441953182220459e-01 5.294425487518310547e-01
5.489935874938964844e-01 4.791587293148040771e-01
5.522171258926391602e-01 4.572068154811859131e-01
6.957601308822631836e-01 4.592638611793518066e-01
6.969594359397888184e-01 4.479320645332336426e-01
8.290299773216247559e-01 4.455735087394714355e-01
8.349978327751159668e-01 4.247131347656250000e-01
