4.384064674377441406e-01 4.528402090072631836e-01
4.242643117904663086e-01 4.538118541240692139e-01
4.263124465942382812e-01 4.523836374282836914e-01
4.360686242580413818e-01 4.551982581615447998e-01
4.391528367996215820e-01 4.519901275634765625e-01
4.938871264457702637e-01 4.538828134536743164e-01
4.928749203681945801e-01 4.450973868370056152e-01
5.781378746032714844e-01 4.496406912803649902e-01
5.751166343688964844e-01 4.468972086906433105e-01
5.403881072998046875e-01 3.944211006164550781e-01
5.394637584686279297e-01 3.945875167846679688e-01
6.328716278076171875e-01 4.549219310283660889e-01
6.344187259674072266e-01 4.469451904296875000e-01
7.486082315444946289e-01 4.493801593780517578e-01
7.500538229942321777e-01 4.409653842449188232e-01
8.427752256393432617e-01 4.278336167335510254e-01
8.441104292869567871e-01 4.165497720241546631e-01
