5.228992700576782227e-01 6.159841418266296387e-01
5.177322626113891602e-01 6.135557293891906738e-01
5.192875266075134277e-01 6.201177239418029785e-01
5.206280946731567383e-01 6.079875230789184570e-01
5.199746489524841309e-01 6.208344697952270508e-01
5.439854264259338379e-01 5.935962200164794922e-01
5.455295443534851074e-01 6.170666217803955078e-01
5.859498977661132812e-01 5.901010036468505859e-01
5.696606040000915527e-01 6.268216967582702637e-01
6.164742708206176758e-01 6.007298231124877930e-01
5.632185935974121094e-01 6.293768882751464844e-01
6.377813816070556641e-01 5.856824517250061035e-01
6.341096758842468262e-01 6.053706407546997070e-01
7.015646696090698242e-01 5.905674099922180176e-01
7.007935047149658203e-01 6.032815575599670410e-01
7.733058929443359375e-01 5.995621085166931152e-01
7.728915214538574219e-01 6.083310246467590332e-01
