3.135974109172821045e-01 4.973990619182586670e-01
3.027769327163696289e-01 4.983560740947723389e-01
3.021914958953857422e-01 4.785741269588470459e-01
3.055947422981262207e-01 5.072976350784301758e-01
3.010758757591247559e-01 4.589323401451110840e-01
3.704310655593872070e-01 5.329282283782958984e-01
3.489577472209930420e-01 4.629108309745788574e-01
4.527579545974731445e-01 5.463961362838745117e-01
4.397921264171600342e-01 4.656427502632141113e-01
4.819548726081848145e-01 5.666126012802124023e-01
4.612298607826232910e-01 4.795961976051330566e-01
5.144007802009582520e-01 5.007798671722412109e-01
5.146478414535522461e-01 4.568962752819061279e-01
6.620377302169799805e-01 4.726177155971527100e-01
6.627250909805297852e-01 4.434912800788879395e-01
7.996798753738403320e-01 4.715439081192016602e-01
8.045794367790222168e-01 4.332294166088104248e-01
