4.333871304988861084e-01 4.528304934501647949e-01
4.298813343048095703e-01 4.539813697338104248e-01
4.309520423412322998e-01 4.516780972480773926e-01
4.278420805931091309e-01 4.562837481498718262e-01
4.293764531612396240e-01 4.503684937953948975e-01
4.439148604869842529e-01 4.522551894187927246e-01
4.573603570461273193e-01 4.353388547897338867e-01
4.997290074825286865e-01 4.566594958305358887e-01
4.866555929183959961e-01 4.381228387355804443e-01
5.491850972175598145e-01 4.708153605461120605e-01
5.471529960632324219e-01 4.638867080211639404e-01
5.626472234725952148e-01 4.406083524227142334e-01
5.756111145019531250e-01 4.059761166572570801e-01
6.509978771209716797e-01 4.292677044868469238e-01
6.501141190528869629e-01 4.228872060775756836e-01
7.387523651123046875e-01 4.141002595424652100e-01
7.382935881614685059e-01 4.004655778408050537e-01
