4.506638944149017334e-01 5.941723585128784180e-01
4.446458220481872559e-01 5.905570983886718750e-01
4.466444849967956543e-01 5.976005792617797852e-01
4.456517398357391357e-01 5.797520875930786133e-01
4.490000605583190918e-01 5.946496725082397461e-01
4.745464324951171875e-01 5.676096677780151367e-01
4.787712693214416504e-01 5.843853950500488281e-01
5.135718584060668945e-01 5.657646059989929199e-01
5.158303380012512207e-01 5.847430229187011719e-01
5.616307258605957031e-01 5.646180510520935059e-01
5.639228820800781250e-01 5.770951509475708008e-01
5.720323324203491211e-01 5.697946548461914062e-01
5.723819732666015625e-01 5.836771726608276367e-01
6.451286673545837402e-01 5.747667551040649414e-01
6.528286337852478027e-01 5.852903127670288086e-01
7.502229213714599609e-01 5.886384248733520508e-01
7.554119825363159180e-01 5.875983238220214844e-01
