4.952059984207153320e-01 5.494734048843383789e-01
4.894125163555145264e-01 5.553432106971740723e-01
4.894852340221405029e-01 5.438817739486694336e-01
4.925767183303833008e-01 5.628342628479003906e-01
4.912755191326141357e-01 5.387266278266906738e-01
5.134297013282775879e-01 5.818267464637756348e-01
5.173898935317993164e-01 5.345449447631835938e-01
5.559270381927490234e-01 6.016530990600585938e-01
5.506709814071655273e-01 5.241746306419372559e-01
5.759892463684082031e-01 5.822563171386718750e-01
5.691780447959899902e-01 5.136868953704833984e-01
5.962311029434204102e-01 5.947241187095642090e-01
5.946533083915710449e-01 5.623872876167297363e-01
6.534302830696105957e-01 5.982992053031921387e-01
6.512885093688964844e-01 5.718657970428466797e-01
7.195036411285400391e-01 6.115874052047729492e-01
7.143413424491882324e-01 5.897029042243957520e-01
