4.469274282455444336e-01 4.305924773216247559e-01
4.240189790725708008e-01 4.445431232452392578e-01
4.415935873985290527e-01 4.131003618240356445e-01
4.215942025184631348e-01 4.476226568222045898e-01
4.434953629970550537e-01 4.114023447036743164e-01
4.813458919525146484e-01 4.906828999519348145e-01
4.768760800361633301e-01 4.123001098632812500e-01
5.720536112785339355e-01 4.851596951484680176e-01
5.644435882568359375e-01 4.048772752285003662e-01
6.028312444686889648e-01 4.833731651306152344e-01
6.311280727386474609e-01 3.992838561534881592e-01
6.512708663940429688e-01 4.823488891124725342e-01
6.533160805702209473e-01 4.373107850551605225e-01
8.059064149856567383e-01 4.965322613716125488e-01
8.067829608917236328e-01 4.532641172409057617e-01
9.553232192993164062e-01 5.089343786239624023e-01
9.643456935882568359e-01 4.521755874156951904e-01
