4.494056701660156250e-01 4.958736300468444824e-01
4.312603175640106201e-01 4.951898753643035889e-01
4.442732334136962891e-01 4.918237924575805664e-01
4.362265765666961670e-01 5.056492686271667480e-01
4.356979727745056152e-01 4.860512614250183105e-01
4.907319545745849609e-01 5.152503848075866699e-01
4.792626500129699707e-01 4.814113080501556396e-01
5.716374516487121582e-01 5.195029973983764648e-01
5.831346511840820312e-01 4.619587659835815430e-01
5.763558745384216309e-01 5.431568026542663574e-01
6.269122362136840820e-01 4.728264510631561279e-01
6.459511518478393555e-01 4.822249412536621094e-01
6.456755399703979492e-01 4.582023620605468750e-01
7.589724063873291016e-01 4.819031655788421631e-01
7.604737281799316406e-01 4.797105491161346436e-01
8.732894659042358398e-01 4.224151074886322021e-01
8.945433497428894043e-01 5.292932391166687012e-01
