5.024375915527343750e-01 6.202664971351623535e-01
4.977762103080749512e-01 6.178831458091735840e-01
4.997242689132690430e-01 6.222388148307800293e-01
4.975197911262512207e-01 6.191763877868652344e-01
4.996944069862365723e-01 6.264098286628723145e-01
5.220434665679931641e-01 6.197421550750732422e-01
5.276235342025756836e-01 6.245015859603881836e-01
5.647779703140258789e-01 6.246237754821777344e-01
5.634714365005493164e-01 6.187634468078613281e-01
5.898553133010864258e-01 6.198486089706420898e-01
5.890419483184814453e-01 6.150399446487426758e-01
6.156887412071228027e-01 6.213129758834838867e-01
6.162113547325134277e-01 6.190785169601440430e-01
6.823352575302124023e-01 6.186293959617614746e-01
6.877624392509460449e-01 6.127904653549194336e-01
7.444715499877929688e-01 6.244781017303466797e-01
7.466156482696533203e-01 6.153247952461242676e-01
