4.399857223033905029e-01 4.456422328948974609e-01
4.258026480674743652e-01 4.515547156333923340e-01
4.258716106414794922e-01 4.410214424133300781e-01
4.307941198348999023e-01 4.601244330406188965e-01
4.314606189727783203e-01 4.392383694648742676e-01
4.708018898963928223e-01 4.723107814788818359e-01
4.888792634010314941e-01 4.371083676815032959e-01
4.617964625358581543e-01 5.330052375793457031e-01
4.895386695861816406e-01 4.452231824398040771e-01
4.250081479549407959e-01 4.584557414054870605e-01
4.325433969497680664e-01 4.442130327224731445e-01
6.321288347244262695e-01 5.011575222015380859e-01
6.374620199203491211e-01 4.736824929714202881e-01
7.666037082672119141e-01 5.037095546722412109e-01
7.760457396507263184e-01 4.933564662933349609e-01
8.784448504447937012e-01 4.795613288879394531e-01
8.863796591758728027e-01 4.682667851448059082e-01
