3.921794295310974121e-01 5.586659908294677734e-01
3.660300374031066895e-01 5.570574998855590820e-01
3.603099584579467773e-01 5.415605902671813965e-01
3.673530220985412598e-01 5.586253404617309570e-01
3.631232976913452148e-01 5.337649583816528320e-01
4.106244444847106934e-01 5.551038980484008789e-01
4.105370640754699707e-01 5.413305163383483887e-01
4.540182352066040039e-01 5.712940096855163574e-01
4.721287488937377930e-01 4.898895919322967529e-01
4.704069793224334717e-01 5.787658095359802246e-01
4.746915996074676514e-01 5.507712960243225098e-01
5.074443817138671875e-01 5.010592937469482422e-01
5.223627090454101562e-01 4.797646999359130859e-01
6.433754563331604004e-01 4.817059040069580078e-01
6.448255181312561035e-01 4.656020402908325195e-01
7.609012126922607422e-01 5.100390911102294922e-01
7.629271745681762695e-01 4.958992004394531250e-01
