3.175455331802368164e-01 5.631079673767089844e-01
3.047501146793365479e-01 5.480312705039978027e-01
3.062604069709777832e-01 5.567715167999267578e-01
3.095654249191284180e-01 5.314152836799621582e-01
3.207900226116180420e-01 5.582616925239562988e-01
3.705164194107055664e-01 5.142645835876464844e-01
3.841440081596374512e-01 5.540187358856201172e-01
4.639032483100891113e-01 6.149944067001342773e-01
4.673838019371032715e-01 6.260050535202026367e-01
4.441432654857635498e-01 6.483418941497802734e-01
5.102876424789428711e-01 6.646369099617004395e-01
5.760204195976257324e-01 4.948289990425109863e-01
5.793504714965820312e-01 5.437520146369934082e-01
7.456127405166625977e-01 4.832910299301147461e-01
7.437155246734619141e-01 5.661886930465698242e-01
8.961586952209472656e-01 4.552612900733947754e-01
9.071133136749267578e-01 5.754233598709106445e-01
