4.316084384918212891e-01 4.607790410518646240e-01
4.109883308410644531e-01 4.505854249000549316e-01
4.135627150535583496e-01 4.433846473693847656e-01
4.026062190532684326e-01 4.869845807552337646e-01
4.169020652770996094e-01 4.430950582027435303e-01
4.309259355068206787e-01 5.098456740379333496e-01
4.537361860275268555e-01 4.464344382286071777e-01
4.550321996212005615e-01 5.680178999900817871e-01
4.831612706184387207e-01 4.502074718475341797e-01
4.317064285278320312e-01 5.652368068695068359e-01
4.550166726112365723e-01 4.462952017784118652e-01
6.134000420570373535e-01 5.051770806312561035e-01
6.197168231010437012e-01 4.754012823104858398e-01
7.553521990776062012e-01 5.150471925735473633e-01
7.610300779342651367e-01 5.019193887710571289e-01
8.424360156059265137e-01 5.057319402694702148e-01
8.479119539260864258e-01 4.974410533905029297e-01
