3.539639711380004883e-01 5.129468441009521484e-01
3.453097045421600342e-01 5.157582163810729980e-01
3.514373302459716797e-01 5.094314217567443848e-01
3.439540266990661621e-01 5.179197788238525391e-01
3.521157503128051758e-01 5.041139721870422363e-01
3.851670622825622559e-01 5.366635322570800781e-01
3.753894567489624023e-01 5.041334629058837891e-01
4.154984652996063232e-01 5.526114702224731445e-01
4.147395789623260498e-01 5.306118130683898926e-01
4.354373216629028320e-01 5.679721832275390625e-01
4.287957847118377686e-01 5.497155189514160156e-01
4.235264956951141357e-01 5.416035652160644531e-01
4.374113082885742188e-01 5.252969861030578613e-01
4.787405729293823242e-01 5.264140367507934570e-01
4.818922877311706543e-01 5.164636373519897461e-01
4.794343113899230957e-01 5.643494129180908203e-01
4.856252372264862061e-01 5.371583700180053711e-01
