4.159586429595947266e-01 5.150060057640075684e-01
4.084726572036743164e-01 5.173161625862121582e-01
4.094300866127014160e-01 5.086053609848022461e-01
4.040450453758239746e-01 5.224633216857910156e-01
4.033409953117370605e-01 4.926982820034027100e-01
4.497678279876708984e-01 5.345476269721984863e-01
4.594702124595642090e-01 4.717855453491210938e-01
5.007425546646118164e-01 5.595227479934692383e-01
5.107176303863525391e-01 4.627672135829925537e-01
5.533331036567687988e-01 5.888805985450744629e-01
5.531234145164489746e-01 4.917185902595520020e-01
5.729080438613891602e-01 5.097762942314147949e-01
5.778331756591796875e-01 4.737358689308166504e-01
7.001537680625915527e-01 5.107537508010864258e-01
7.008875608444213867e-01 4.743541181087493896e-01
8.075370192527770996e-01 5.129637718200683594e-01
8.143453598022460938e-01 4.738520383834838867e-01
