4.017652869224548340e-01 5.615295171737670898e-01
3.956099450588226318e-01 5.622701644897460938e-01
3.924746215343475342e-01 5.465675592422485352e-01
4.036160409450531006e-01 5.664729475975036621e-01
4.002369344234466553e-01 5.291306972503662109e-01
4.476200044155120850e-01 5.734518766403198242e-01
4.556202590465545654e-01 5.084735155105590820e-01
4.477794170379638672e-01 6.085940599441528320e-01
5.093282461166381836e-01 4.757464528083801270e-01
4.226149916648864746e-01 6.446605324745178223e-01
4.965525865554809570e-01 4.610311686992645264e-01
6.165362596511840820e-01 5.645076036453247070e-01
6.184264421463012695e-01 5.245546698570251465e-01
7.302994728088378906e-01 5.824111104011535645e-01
7.346627712249755859e-01 5.216504335403442383e-01
8.548201322555541992e-01 5.872898101806640625e-01
8.601405024528503418e-01 5.282241106033325195e-01
