3.083356618881225586e-01 8.241598606109619141e-01
3.027961850166320801e-01 8.232525587081909180e-01
2.997387349605560303e-01 8.188258409500122070e-01
3.006992042064666748e-01 8.265705108642578125e-01
2.976637184619903564e-01 8.148680925369262695e-01
3.290039300918579102e-01 8.364995718002319336e-01
3.281069695949554443e-01 8.102877140045166016e-01
3.800308704376220703e-01 8.376420736312866211e-01
3.737968802452087402e-01 8.060998320579528809e-01
3.977152705192565918e-01 8.298674821853637695e-01
3.930722177028656006e-01 7.983990907669067383e-01
4.134140014648437500e-01 8.301863074302673340e-01
4.096460044384002686e-01 8.126986026763916016e-01
4.762121438980102539e-01 8.426175117492675781e-01
4.741847515106201172e-01 8.253667354583740234e-01
5.415405035018920898e-01 8.557418584823608398e-01
5.420596599578857422e-01 8.362872600555419922e-01
