4.231137037277221680e-01 4.363070726394653320e-01
4.112217128276824951e-01 4.416000247001647949e-01
4.123582839965820312e-01 4.301855266094207764e-01
4.221375882625579834e-01 4.561905562877655029e-01
4.185999631881713867e-01 4.265063703060150146e-01
4.726069569587707520e-01 4.706065058708190918e-01
4.880302846431732178e-01 4.251039922237396240e-01
5.535604357719421387e-01 4.910678863525390625e-01
5.465251803398132324e-01 4.135585725307464600e-01
4.490981101989746094e-01 5.511767864227294922e-01
4.528641700744628906e-01 4.306909739971160889e-01
6.434129476547241211e-01 4.893045425415039062e-01
6.455690860748291016e-01 4.536536633968353271e-01
7.755807638168334961e-01 4.800459742546081543e-01
7.835451960563659668e-01 4.652720391750335693e-01
8.847123384475708008e-01 4.289893507957458496e-01
8.886495828628540039e-01 4.460675716400146484e-01
