5.296242833137512207e-01 4.452493786811828613e-01
5.239281058311462402e-01 4.484528005123138428e-01
5.242882370948791504e-01 4.419354796409606934e-01
5.262193083763122559e-01 4.647573828697204590e-01
5.299058556556701660e-01 4.291338324546813965e-01
5.619961023330688477e-01 4.732171297073364258e-01
5.656129717826843262e-01 4.174084365367889404e-01
5.996669530868530273e-01 4.875689744949340820e-01
6.051003932952880859e-01 3.905054032802581787e-01
6.414823532104492188e-01 4.608947038650512695e-01
6.359968185424804688e-01 3.912559449672698975e-01
6.503131389617919922e-01 4.645847082138061523e-01
6.453821063041687012e-01 4.229960143566131592e-01
7.296187877655029297e-01 4.687531888484954834e-01
7.239393591880798340e-01 4.133760631084442139e-01
8.296869993209838867e-01 4.532305896282196045e-01
8.200571537017822266e-01 4.175261259078979492e-01
