3.572123050689697266e-01 5.145954489707946777e-01
3.394134044647216797e-01 5.201848149299621582e-01
3.283040523529052734e-01 5.041370987892150879e-01
3.459526896476745605e-01 5.306516885757446289e-01
3.351459503173828125e-01 4.954078197479248047e-01
4.094130694866180420e-01 5.325332283973693848e-01
3.845342099666595459e-01 4.697391986846923828e-01
4.784746170043945312e-01 5.557143688201904297e-01
4.635803699493408203e-01 4.514156579971313477e-01
5.513786673545837402e-01 5.772812366485595703e-01
5.248119831085205078e-01 4.725530147552490234e-01
5.472638607025146484e-01 4.848808646202087402e-01
5.452369451522827148e-01 4.381367862224578857e-01
6.804068088531494141e-01 4.723982810974121094e-01
6.777145862579345703e-01 4.265828132629394531e-01
7.978295683860778809e-01 4.644739031791687012e-01
8.019996881484985352e-01 4.156728386878967285e-01
