4.012253880500793457e-01 5.469657778739929199e-01
3.945378065109252930e-01 5.573125481605529785e-01
3.944860100746154785e-01 5.385777950286865234e-01
4.042200744152069092e-01 5.611160993576049805e-01
4.027781188488006592e-01 5.238469839096069336e-01
4.471547305583953857e-01 5.769815444946289062e-01
4.589984416961669922e-01 5.115722417831420898e-01
4.433555603027343750e-01 6.226769089698791504e-01
5.072915554046630859e-01 4.940328001976013184e-01
3.986442983150482178e-01 6.574431657791137695e-01
5.177302360534667969e-01 4.699805974960327148e-01
6.147201061248779297e-01 5.810832381248474121e-01
6.173211336135864258e-01 5.356833934783935547e-01
7.281072139739990234e-01 6.022329330444335938e-01
7.351157665252685547e-01 5.357602834701538086e-01
8.466365337371826172e-01 6.192568540573120117e-01
8.452659845352172852e-01 5.500510931015014648e-01
