4.008408784866333008e-01 4.587530791759490967e-01
3.915149867534637451e-01 4.580935835838317871e-01
3.938066363334655762e-01 4.487460851669311523e-01
4.046519398689270020e-01 4.570343494415283203e-01
4.134751558303833008e-01 4.410398900508880615e-01
4.599913954734802246e-01 4.914996027946472168e-01
4.887633919715881348e-01 4.628073871135711670e-01
5.711714029312133789e-01 5.354773998260498047e-01
5.940032005310058594e-01 4.999487400054931641e-01
4.131703972816467285e-01 4.824075102806091309e-01
6.469854712486267090e-01 4.453052282333374023e-01
6.423132419586181641e-01 5.598229169845581055e-01
6.500518918037414551e-01 5.256017446517944336e-01
7.791111469268798828e-01 6.069576144218444824e-01
8.011342883110046387e-01 5.072179436683654785e-01
9.412586688995361328e-01 6.417505741119384766e-01
9.169108271598815918e-01 4.665585458278656006e-01
