4.716775417327880859e-01 6.012641191482543945e-01
4.657661914825439453e-01 5.864034295082092285e-01
4.680437743663787842e-01 6.047859191894531250e-01
4.649444222450256348e-01 5.809332132339477539e-01
4.711069762706756592e-01 6.067956686019897461e-01
4.873544871807098389e-01 5.697829723358154297e-01
4.909952878952026367e-01 5.940647125244140625e-01
5.277931094169616699e-01 5.675035119056701660e-01
5.271887183189392090e-01 5.905959010124206543e-01
5.547424554824829102e-01 5.660000443458557129e-01
5.554183721542358398e-01 5.786631703376770020e-01
5.843045115470886230e-01 5.827015042304992676e-01
5.846197009086608887e-01 5.956554412841796875e-01
6.491284966468811035e-01 5.893485546112060547e-01
6.535625457763671875e-01 6.012087464332580566e-01
7.372921705245971680e-01 5.956716537475585938e-01
7.413101196289062500e-01 5.944241285324096680e-01
