3.942815959453582764e-01 5.196224451065063477e-01
3.801555037498474121e-01 5.231710672378540039e-01
3.819106221199035645e-01 5.154825448989868164e-01
3.931697010993957520e-01 5.297659635543823242e-01
3.907920122146606445e-01 5.108121633529663086e-01
4.598251283168792725e-01 5.297871828079223633e-01
4.534677863121032715e-01 5.030308961868286133e-01
5.367310047149658203e-01 5.322986841201782227e-01
5.238680839538574219e-01 5.064749121665954590e-01
5.148090720176696777e-01 5.420809984207153320e-01
5.126423239707946777e-01 5.293883085250854492e-01
6.427012681961059570e-01 5.052388310432434082e-01
6.427419185638427734e-01 4.939248263835906982e-01
7.668598890304565430e-01 5.124385952949523926e-01
7.659754157066345215e-01 5.067226886749267578e-01
8.806012868881225586e-01 4.664297699928283691e-01
8.813852071762084961e-01 4.656613469123840332e-01
