6.462467908859252930e-01 8.132264018058776855e-01
6.423710584640502930e-01 8.151289224624633789e-01
6.436027288436889648e-01 8.135780692100524902e-01
6.403303742408752441e-01 8.172230720520019531e-01
6.414505243301391602e-01 8.127096891403198242e-01
6.546598076820373535e-01 8.140225410461425781e-01
6.524956226348876953e-01 8.041359782218933105e-01
6.705685853958129883e-01 8.226106166839599609e-01
6.689330339431762695e-01 8.152803778648376465e-01
6.794096231460571289e-01 7.351536750793457031e-01
6.818919181823730469e-01 7.316514253616333008e-01
6.957076787948608398e-01 8.161651492118835449e-01
6.969978213310241699e-01 8.150504827499389648e-01
7.102637290954589844e-01 7.434284687042236328e-01
7.102865576744079590e-01 7.443164587020874023e-01
7.698078155517578125e-01 8.146018385887145996e-01
7.696254253387451172e-01 8.150369524955749512e-01
