4.931350350379943848e-01 6.035056710243225098e-01
4.864282608032226562e-01 6.020469665527343750e-01
4.896430671215057373e-01 6.084209680557250977e-01
4.848523736000061035e-01 6.055365800857543945e-01
4.895213842391967773e-01 6.178249716758728027e-01
5.182175636291503906e-01 6.051430702209472656e-01
5.193150043487548828e-01 6.145473718643188477e-01
5.669538974761962891e-01 6.116496920585632324e-01
5.614079236984252930e-01 6.154845952987670898e-01
5.880423188209533691e-01 6.181908845901489258e-01
5.848765373229980469e-01 6.172637343406677246e-01
6.131279468536376953e-01 6.225900650024414062e-01
6.117284297943115234e-01 6.231016516685485840e-01
6.854373216629028320e-01 6.223992109298706055e-01
6.872870922088623047e-01 6.275053024291992188e-01
7.634227275848388672e-01 6.301435232162475586e-01
7.624739408493041992e-01 6.324977278709411621e-01
