5.256667137145996094e-01 6.198544502258300781e-01
5.200316905975341797e-01 6.164838671684265137e-01
5.221532583236694336e-01 6.250268220901489258e-01
5.191205143928527832e-01 6.106622219085693359e-01
5.218847990036010742e-01 6.288285255432128906e-01
5.463110208511352539e-01 5.939861536026000977e-01
5.509405136108398438e-01 6.242412924766540527e-01
5.862349867820739746e-01 5.847157835960388184e-01
5.814636349678039551e-01 6.216123700141906738e-01
6.470104455947875977e-01 5.770418643951416016e-01
5.981322526931762695e-01 6.207777261734008789e-01
6.426013708114624023e-01 5.828289389610290527e-01
6.410750150680541992e-01 6.016457676887512207e-01
7.025744318962097168e-01 5.815089941024780273e-01
7.106738090515136719e-01 5.956709980964660645e-01
7.595006823539733887e-01 5.815773010253906250e-01
7.719735503196716309e-01 5.999556779861450195e-01
