4.353377521038055420e-01 4.798406958580017090e-01
4.262654483318328857e-01 4.926809668540954590e-01
4.254693686962127686e-01 4.745339751243591309e-01
4.311308264732360840e-01 5.005751252174377441e-01
4.282935559749603271e-01 4.627129435539245605e-01
4.759741723537445068e-01 5.140109062194824219e-01
4.741669893264770508e-01 4.429574906826019287e-01
5.217112302780151367e-01 5.234415531158447266e-01
5.303277969360351562e-01 4.310188889503479004e-01
5.764953494071960449e-01 5.123247504234313965e-01
5.772365331649780273e-01 4.455328583717346191e-01
5.737307071685791016e-01 4.952939748764038086e-01
5.790079236030578613e-01 4.434848427772521973e-01
6.583337187767028809e-01 4.684674441814422607e-01
6.612383127212524414e-01 4.105541706085205078e-01
7.187534570693969727e-01 4.378572702407836914e-01
7.181392908096313477e-01 4.057288169860839844e-01
