4.243885278701782227e-01 4.613414406776428223e-01
4.140852093696594238e-01 4.727176427841186523e-01
4.186585545539855957e-01 4.564560353755950928e-01
4.202322959899902344e-01 4.682381749153137207e-01
4.196760356426239014e-01 4.458102881908416748e-01
4.631831347942352295e-01 4.726325273513793945e-01
4.755860269069671631e-01 4.454991221427917480e-01
5.174257755279541016e-01 5.617117285728454590e-01
5.392518043518066406e-01 4.567172527313232422e-01
5.571287870407104492e-01 5.955553650856018066e-01
4.401586651802062988e-01 4.598753154277801514e-01
6.361657381057739258e-01 4.830744862556457520e-01
6.401100754737854004e-01 4.634040296077728271e-01
7.658884525299072266e-01 4.765678346157073975e-01
7.681953310966491699e-01 4.750750958919525146e-01
8.737438917160034180e-01 4.199383258819580078e-01
8.784629106521606445e-01 4.440814256668090820e-01
