3.396622836589813232e-01 5.170486569404602051e-01
3.309576213359832764e-01 5.223399996757507324e-01
3.214564919471740723e-01 5.064697265625000000e-01
3.339440822601318359e-01 5.249114036560058594e-01
3.254205584526062012e-01 5.021860599517822266e-01
4.073413610458374023e-01 5.192105770111083984e-01
3.803129792213439941e-01 4.802649021148681641e-01
4.851843118667602539e-01 5.558756589889526367e-01
4.392594099044799805e-01 4.713572263717651367e-01
5.492284297943115234e-01 5.786353349685668945e-01
4.092014431953430176e-01 5.035648345947265625e-01
5.434362292289733887e-01 4.838904738426208496e-01
5.423108339309692383e-01 4.462647438049316406e-01
6.799642443656921387e-01 4.686199426651000977e-01
6.753813624382019043e-01 4.403026103973388672e-01
8.000389933586120605e-01 4.643660783767700195e-01
8.015171885490417480e-01 4.207968413829803467e-01
