4.297593533992767334e-01 5.078133344650268555e-01
4.186638295650482178e-01 5.145826339721679688e-01
4.188327491283416748e-01 5.075031518936157227e-01
4.262144565582275391e-01 5.294298529624938965e-01
4.222777485847473145e-01 5.147442221641540527e-01
4.993695020675659180e-01 5.376804471015930176e-01
4.772140383720397949e-01 5.036705136299133301e-01
5.764400959014892578e-01 5.377695560455322266e-01
5.544316172599792480e-01 4.946518540382385254e-01
6.368802785873413086e-01 5.327627658843994141e-01
4.803064465522766113e-01 5.027103424072265625e-01
6.543281674385070801e-01 5.063951611518859863e-01
6.518682837486267090e-01 4.867917895317077637e-01
7.668285369873046875e-01 5.052008628845214844e-01
7.596184015274047852e-01 5.012336969375610352e-01
8.932799100875854492e-01 4.717351198196411133e-01
8.844770789146423340e-01 4.790014028549194336e-01
