3.490424156188964844e-01 5.105621814727783203e-01
3.429411053657531738e-01 5.168047547340393066e-01
3.394959867000579834e-01 5.047411918640136719e-01
3.488785624504089355e-01 5.173828601837158203e-01
3.541186451911926270e-01 4.825285077095031738e-01
4.098697900772094727e-01 5.167165994644165039e-01
4.180409908294677734e-01 4.499055743217468262e-01
4.601014256477355957e-01 5.634627342224121094e-01
4.936773180961608887e-01 4.420556724071502686e-01
4.307515621185302734e-01 5.535379648208618164e-01
4.165688753128051758e-01 5.209292769432067871e-01
5.692034363746643066e-01 4.940535426139831543e-01
5.676112174987792969e-01 4.523794353008270264e-01
7.169430255889892578e-01 4.695143103599548340e-01
7.175096869468688965e-01 4.565463066101074219e-01
8.427900671958923340e-01 4.398338496685028076e-01
8.560686111450195312e-01 4.267350435256958008e-01
