4.979050159454345703e-01 5.964661240577697754e-01
4.915464818477630615e-01 5.843125581741333008e-01
4.936445653438568115e-01 5.873339176177978516e-01
4.925286471843719482e-01 5.828028917312622070e-01
4.974074065685272217e-01 5.943817496299743652e-01
5.206825733184814453e-01 6.024399995803833008e-01
5.216906070709228516e-01 5.942376852035522461e-01
5.319227576255798340e-01 6.131015419960021973e-01
5.400582551956176758e-01 6.020329594612121582e-01
5.026808381080627441e-01 5.940759778022766113e-01
5.105168223381042480e-01 6.013312339782714844e-01
6.082334518432617188e-01 6.223461031913757324e-01
6.086516380310058594e-01 6.156071424484252930e-01
6.789140105247497559e-01 6.253952383995056152e-01
6.842447519302368164e-01 6.307218074798583984e-01
7.563066482543945312e-01 6.407572031021118164e-01
7.581462860107421875e-01 6.397817134857177734e-01
