5.330946445465087891e-01 6.124005317687988281e-01
5.240544080734252930e-01 6.096643209457397461e-01
5.299526453018188477e-01 6.176903843879699707e-01
5.257356762886047363e-01 5.985397100448608398e-01
5.277860760688781738e-01 6.192790269851684570e-01
5.478296875953674316e-01 5.884696245193481445e-01
5.528967976570129395e-01 6.149703264236450195e-01
5.933539271354675293e-01 5.848627090454101562e-01
5.930706262588500977e-01 6.163937449455261230e-01
6.460213661193847656e-01 5.800116658210754395e-01
6.367602348327636719e-01 5.960020422935485840e-01
6.411039829254150391e-01 5.832279920578002930e-01
6.408123970031738281e-01 6.003087759017944336e-01
6.977180242538452148e-01 5.848253965377807617e-01
7.040021419525146484e-01 5.977712273597717285e-01
7.660450339317321777e-01 5.956324338912963867e-01
7.687009572982788086e-01 6.017961502075195312e-01
