4.210205078125000000e-01 5.102682709693908691e-01
4.118934869766235352e-01 5.149332284927368164e-01
4.126643538475036621e-01 5.065283179283142090e-01
4.170121550559997559e-01 5.210292339324951172e-01
4.149901568889617920e-01 5.035889148712158203e-01
4.823404252529144287e-01 5.294561386108398438e-01
4.739634394645690918e-01 4.938922822475433350e-01
5.630137324333190918e-01 5.289089083671569824e-01
5.697078704833984375e-01 4.880944490432739258e-01
5.258159637451171875e-01 5.354553461074829102e-01
6.365644931793212891e-01 4.963872432708740234e-01
6.513803005218505859e-01 5.080307722091674805e-01
6.508699059486389160e-01 4.817849993705749512e-01
7.743502855300903320e-01 5.174046754837036133e-01
7.714570760726928711e-01 4.854352176189422607e-01
9.056711196899414062e-01 5.462480783462524414e-01
8.784555792808532715e-01 4.404454827308654785e-01
