3.934429287910461426e-01 6.735572814941406250e-01
3.878265619277954102e-01 6.736931204795837402e-01
3.882882595062255859e-01 6.710616350173950195e-01
3.912125229835510254e-01 6.753878593444824219e-01
3.897376656532287598e-01 6.645829677581787109e-01
4.244966506958007812e-01 6.783167719841003418e-01
4.210564494132995605e-01 6.511430144309997559e-01
4.857025146484375000e-01 6.880061626434326172e-01
4.831628501415252686e-01 6.333487629890441895e-01
5.249702930450439453e-01 6.874755620956420898e-01
5.146659612655639648e-01 6.329030990600585938e-01
5.258303880691528320e-01 6.606273651123046875e-01
5.272547006607055664e-01 6.350176334381103516e-01
6.508601903915405273e-01 6.710269451141357422e-01
6.474243402481079102e-01 6.431297063827514648e-01
7.599291801452636719e-01 6.765540838241577148e-01
7.594100832939147949e-01 6.394349932670593262e-01
