4.978676438331604004e-01 6.063598394393920898e-01
4.917205572128295898e-01 6.023188829421997070e-01
4.934517741203308105e-01 6.113503575325012207e-01
4.962585866451263428e-01 5.916482806205749512e-01
4.963291883468627930e-01 6.120606660842895508e-01
5.189033150672912598e-01 5.821363925933837891e-01
5.219970941543579102e-01 6.059526205062866211e-01
5.540335178375244141e-01 5.848018527030944824e-01
5.526492595672607422e-01 6.147775053977966309e-01
5.596684217453002930e-01 6.007263660430908203e-01
5.454031229019165039e-01 6.302039027214050293e-01
6.119307875633239746e-01 5.775077342987060547e-01
6.100783348083496094e-01 6.012635827064514160e-01
6.840028166770935059e-01 5.868826508522033691e-01
6.868654489517211914e-01 6.046394705772399902e-01
7.735843062400817871e-01 5.951287150382995605e-01
7.741674780845642090e-01 6.083899736404418945e-01
