3.973463475704193115e-01 5.415786504745483398e-01
3.899839520454406738e-01 5.436820387840270996e-01
3.942407369613647461e-01 5.272712111473083496e-01
4.030497074127197266e-01 5.465705394744873047e-01
4.028694331645965576e-01 5.148809552192687988e-01
4.643797874450683594e-01 5.486249923706054688e-01
4.636964797973632812e-01 4.960609674453735352e-01
5.500305891036987305e-01 5.529704093933105469e-01
5.520353317260742188e-01 4.861333370208740234e-01
5.918425321578979492e-01 5.610323548316955566e-01
6.017587780952453613e-01 5.105858445167541504e-01
6.084852814674377441e-01 5.121561288833618164e-01
6.100438833236694336e-01 4.699283838272094727e-01
7.177723646163940430e-01 5.172528028488159180e-01
7.147041559219360352e-01 4.442847967147827148e-01
8.369957804679870605e-01 5.290655493736267090e-01
8.369976878166198730e-01 4.141127467155456543e-01
