3.262296319007873535e-01 5.916051864624023438e-01
3.188971579074859619e-01 5.931857824325561523e-01
3.148402571678161621e-01 5.821033716201782227e-01
3.331567347049713135e-01 5.842276811599731445e-01
3.230125904083251953e-01 5.566989779472351074e-01
4.107520580291748047e-01 5.797199010848999023e-01
3.891622722148895264e-01 5.172506570816040039e-01
4.968121945858001709e-01 6.167487502098083496e-01
4.711570441722869873e-01 5.052783489227294922e-01
5.371955037117004395e-01 6.567141413688659668e-01
5.104495286941528320e-01 6.322051286697387695e-01
5.954955816268920898e-01 5.183117389678955078e-01
5.896511673927307129e-01 4.742716252803802490e-01
7.354147434234619141e-01 5.063636302947998047e-01
7.331654429435729980e-01 4.340915381908416748e-01
8.871559500694274902e-01 4.819156825542449951e-01
8.671900033950805664e-01 3.652643561363220215e-01
