3.840562701225280762e-01 4.789486527442932129e-01
3.753520250320434570e-01 4.886146783828735352e-01
3.891234993934631348e-01 4.708061218261718750e-01
3.918392658233642578e-01 5.047610402107238770e-01
4.233746528625488281e-01 4.786359667778015137e-01
4.743158221244812012e-01 5.318536758422851562e-01
4.882881641387939453e-01 4.912116527557373047e-01
5.460427999496459961e-01 5.741431713104248047e-01
5.689056515693664551e-01 5.133783817291259766e-01
5.672478675842285156e-01 6.390094161033630371e-01
6.470242142677307129e-01 4.678980708122253418e-01
6.459434032440185547e-01 5.869833230972290039e-01
6.528715491294860840e-01 5.472675561904907227e-01
7.694727778434753418e-01 6.445562839508056641e-01
7.935547232627868652e-01 5.379678010940551758e-01
9.173536300659179688e-01 6.805304884910583496e-01
9.203264713287353516e-01 5.143464803695678711e-01
