5.576066970825195312e-01 8.593537211418151855e-01
5.531853437423706055e-01 8.601342439651489258e-01
5.544399023056030273e-01 8.593811392784118652e-01
5.524515509605407715e-01 8.628008365631103516e-01
5.533357858657836914e-01 8.597724437713623047e-01
5.713326334953308105e-01 8.600984811782836914e-01
5.704652070999145508e-01 8.603419661521911621e-01
5.873401165008544922e-01 8.617058992385864258e-01
5.858184099197387695e-01 8.560777902603149414e-01
6.088162064552307129e-01 8.681167960166931152e-01
6.063826084136962891e-01 8.640241622924804688e-01
6.115777492523193359e-01 8.642806410789489746e-01
6.129732728004455566e-01 8.640583753585815430e-01
6.436277627944946289e-01 8.682525157928466797e-01
6.440206766128540039e-01 8.670777082443237305e-01
6.913281679153442383e-01 8.728194236755371094e-01
6.843535304069519043e-01 8.693526983261108398e-01
