5.301708579063415527e-01 6.207664608955383301e-01
5.252245068550109863e-01 6.169197559356689453e-01
5.257720351219177246e-01 6.349890232086181641e-01
5.256669521331787109e-01 6.104181408882141113e-01
5.278347730636596680e-01 6.289716958999633789e-01
5.505931377410888672e-01 5.916809439659118652e-01
5.554593801498413086e-01 6.232584714889526367e-01
5.927733182907104492e-01 5.847281217575073242e-01
5.847676992416381836e-01 6.250264644622802734e-01
6.503694057464599609e-01 5.798882246017456055e-01
6.513742208480834961e-01 5.999461412429809570e-01
6.443109512329101562e-01 5.803620815277099609e-01
6.435675621032714844e-01 6.025405526161193848e-01
7.004191875457763672e-01 5.822805762290954590e-01
7.105491161346435547e-01 5.985243320465087891e-01
7.643133401870727539e-01 5.824640989303588867e-01
7.728068232536315918e-01 6.001374721527099609e-01
