3.852562308311462402e-01 4.457334876060485840e-01
3.788929879665374756e-01 4.387391209602355957e-01
3.809909224510192871e-01 4.476182460784912109e-01
3.764282464981079102e-01 4.343908429145812988e-01
3.806942105293273926e-01 4.787814021110534668e-01
4.160722494125366211e-01 4.474093914031982422e-01
4.179555773735046387e-01 4.989377260208129883e-01
4.760459363460540771e-01 4.666438996791839600e-01
4.752049148082733154e-01 5.303496122360229492e-01
4.429414868354797363e-01 4.770045876502990723e-01
4.718180596828460693e-01 5.455867052078247070e-01
5.571384429931640625e-01 4.768972396850585938e-01
5.576499104499816895e-01 5.103592872619628906e-01
6.967177391052246094e-01 4.866489171981811523e-01
6.950019598007202148e-01 5.161136388778686523e-01
8.400544524192810059e-01 5.035381913185119629e-01
8.385756015777587891e-01 5.099427700042724609e-01
