4.321741759777069092e-01 5.093100666999816895e-01
4.259795844554901123e-01 5.139743089675903320e-01
4.282885491847991943e-01 4.961169660091400146e-01
4.280812740325927734e-01 5.185822844505310059e-01
4.307343959808349609e-01 4.879869818687438965e-01
4.566889703273773193e-01 5.173615813255310059e-01
4.634204506874084473e-01 4.830037057399749756e-01
5.155079364776611328e-01 5.258300900459289551e-01
5.016137361526489258e-01 4.834830760955810547e-01
5.342793464660644531e-01 5.399681925773620605e-01
5.317908525466918945e-01 5.205253362655639648e-01
5.812261104583740234e-01 5.037548542022705078e-01
5.912067890167236328e-01 4.770871400833129883e-01
7.307557463645935059e-01 4.930784404277801514e-01
7.089339494705200195e-01 4.570071697235107422e-01
7.515265941619873047e-01 4.953122138977050781e-01
7.538198828697204590e-01 4.805274605751037598e-01
