4.999457299709320068e-01 5.965948104858398438e-01
4.970245361328125000e-01 5.896674990653991699e-01
4.963608980178833008e-01 6.010715961456298828e-01
4.987251162528991699e-01 5.809987783432006836e-01
5.023382902145385742e-01 6.033787131309509277e-01
5.233762264251708984e-01 5.755895972251892090e-01
5.279482603073120117e-01 6.076281070709228516e-01
5.562209486961364746e-01 5.828872919082641602e-01
5.585685968399047852e-01 6.307789683341979980e-01
5.542783141136169434e-01 6.039658188819885254e-01
5.709913372993469238e-01 6.418704390525817871e-01
6.076236963272094727e-01 5.843346118927001953e-01
6.063883304595947266e-01 6.081485152244567871e-01
6.804651021957397461e-01 5.909481644630432129e-01
6.786119341850280762e-01 6.108711957931518555e-01
7.576147317886352539e-01 5.973663926124572754e-01
7.655221819877624512e-01 6.100585460662841797e-01
