3.687644004821777344e-01 5.018546581268310547e-01
3.530355691909790039e-01 5.059741735458374023e-01
3.620948195457458496e-01 5.021046996116638184e-01
3.508730530738830566e-01 5.084443092346191406e-01
3.545404076576232910e-01 5.085999965667724609e-01
4.071596264839172363e-01 4.869316220283508301e-01
4.035407900810241699e-01 5.116675496101379395e-01
4.809846878051757812e-01 4.708807170391082764e-01
4.809615612030029297e-01 5.152342915534973145e-01
5.128306746482849121e-01 4.770443141460418701e-01
5.135285854339599609e-01 4.832900464534759521e-01
5.298492908477783203e-01 4.764878749847412109e-01
5.392700433731079102e-01 4.981551766395568848e-01
6.341931819915771484e-01 4.339134395122528076e-01
6.247632503509521484e-01 4.938406944274902344e-01
6.944808363914489746e-01 4.140041470527648926e-01
6.946966052055358887e-01 4.149020612239837646e-01
