5.107185840606689453e-01 5.852124691009521484e-01
5.108916163444519043e-01 5.812655091285705566e-01
5.130405426025390625e-01 5.808120965957641602e-01
5.101968050003051758e-01 5.883321762084960938e-01
5.138849616050720215e-01 5.843629837036132812e-01
5.354546308517456055e-01 6.066302657127380371e-01
5.345268845558166504e-01 5.896190404891967773e-01
5.585222244262695312e-01 6.168278455734252930e-01
5.510626435279846191e-01 5.873905420303344727e-01
5.325191617012023926e-01 5.976603031158447266e-01
5.316982269287109375e-01 5.834633111953735352e-01
6.119837760925292969e-01 6.214796304702758789e-01
6.115510463714599609e-01 6.089159846305847168e-01
6.659754514694213867e-01 6.171278953552246094e-01
6.699299216270446777e-01 6.170814037322998047e-01
7.464091181755065918e-01 6.468852758407592773e-01
7.449799776077270508e-01 6.398403048515319824e-01
