4.343009591102600098e-01 5.221702456474304199e-01
4.166310727596282959e-01 5.281692743301391602e-01
4.264922738075256348e-01 5.147452354431152344e-01
4.331458806991577148e-01 5.296226143836975098e-01
4.322177767753601074e-01 5.020198822021484375e-01
4.785090684890747070e-01 5.327781438827514648e-01
4.682855606079101562e-01 4.920062720775604248e-01
5.415618419647216797e-01 5.395795106887817383e-01
5.268027782440185547e-01 4.897273480892181396e-01
6.151816844940185547e-01 5.440823435783386230e-01
6.248933672904968262e-01 4.953148961067199707e-01
6.197857856750488281e-01 5.097456574440002441e-01
6.254549026489257812e-01 4.693197011947631836e-01
7.352918982505798340e-01 5.049628019332885742e-01
7.357534766197204590e-01 4.623278975486755371e-01
8.090494871139526367e-01 5.157423019409179688e-01
8.120240569114685059e-01 4.704303443431854248e-01
