5.376812219619750977e-01 4.905841350555419922e-01
5.314784646034240723e-01 4.907214641571044922e-01
5.337669849395751953e-01 4.836864173412322998e-01
5.302730202674865723e-01 5.034831762313842773e-01
5.356344580650329590e-01 4.795860648155212402e-01
5.645043849945068359e-01 5.336092710494995117e-01
5.720599889755249023e-01 4.804891347885131836e-01
6.077228784561157227e-01 5.625092983245849609e-01
6.207793951034545898e-01 4.681142270565032959e-01
6.339098215103149414e-01 5.579732656478881836e-01
6.515157222747802734e-01 4.827120900154113770e-01
6.525114178657531738e-01 5.465732812881469727e-01
6.542763710021972656e-01 5.074220895767211914e-01
7.459167242050170898e-01 5.524195432662963867e-01
7.552663683891296387e-01 5.124907493591308594e-01
8.418209552764892578e-01 5.620430111885070801e-01
8.430474996566772461e-01 5.185893774032592773e-01
