4.973154067993164062e-01 5.451586842536926270e-01
4.916060864925384521e-01 5.398157238960266113e-01
4.915174841880798340e-01 5.499179959297180176e-01
4.918744564056396484e-01 5.402145385742187500e-01
4.892359673976898193e-01 5.628262758255004883e-01
5.203323364257812500e-01 5.386345386505126953e-01
5.175364017486572266e-01 5.749832391738891602e-01
5.662480592727661133e-01 5.462386608123779297e-01
5.635641813278198242e-01 5.903662443161010742e-01
5.832135677337646484e-01 5.082048177719116211e-01
5.965458154678344727e-01 5.789374709129333496e-01
5.970889925956726074e-01 5.586831569671630859e-01
6.020972728729248047e-01 5.815090537071228027e-01
6.615228652954101562e-01 5.653120279312133789e-01
6.627876162528991699e-01 5.808526277542114258e-01
7.297832369804382324e-01 5.710042715072631836e-01
7.242739200592041016e-01 5.909801125526428223e-01
