3.845865726470947266e-01 4.689326286315917969e-01
3.771883845329284668e-01 4.762688875198364258e-01
3.784135282039642334e-01 4.624804854393005371e-01
3.835730552673339844e-01 4.826555252075195312e-01
3.846272230148315430e-01 4.486209750175476074e-01
4.302933216094970703e-01 5.053161382675170898e-01
4.358095526695251465e-01 4.442997574806213379e-01
4.671787023544311523e-01 5.516052246093750000e-01
4.802825450897216797e-01 4.198563694953918457e-01
4.350626170635223389e-01 5.465173721313476562e-01
4.087977409362792969e-01 4.472478330135345459e-01
5.819883942604064941e-01 5.184121727943420410e-01
5.853774547576904297e-01 4.821936488151550293e-01
7.137565612792968750e-01 5.347475409507751465e-01
7.198559641838073730e-01 5.016226172447204590e-01
8.478173017501831055e-01 5.293790698051452637e-01
8.567584753036499023e-01 5.111694335937500000e-01
