5.068199634552001953e-01 5.958926677703857422e-01
5.023856759071350098e-01 5.947268009185791016e-01
5.033974051475524902e-01 5.964057445526123047e-01
5.063000917434692383e-01 5.898988842964172363e-01
5.077381730079650879e-01 5.913462638854980469e-01
5.447325706481933594e-01 5.888924598693847656e-01
5.468243360519409180e-01 5.806016921997070312e-01
5.779799222946166992e-01 5.932267904281616211e-01
5.821215510368347168e-01 5.819306373596191406e-01
6.155232191085815430e-01 5.760635733604431152e-01
6.329647302627563477e-01 5.657078027725219727e-01
6.336909532546997070e-01 5.802829861640930176e-01
6.319272518157958984e-01 5.788460969924926758e-01
6.991573572158813477e-01 5.648068189620971680e-01
6.967540979385375977e-01 5.697110295295715332e-01
7.725510597229003906e-01 5.587209463119506836e-01
7.851165533065795898e-01 5.573492646217346191e-01
