4.592515826225280762e-01 4.940015971660614014e-01
4.560664594173431396e-01 4.991217851638793945e-01
4.540600478649139404e-01 4.882995486259460449e-01
4.617589712142944336e-01 5.056828260421752930e-01
4.627109169960021973e-01 4.750764369964599609e-01
5.117428302764892578e-01 5.248810052871704102e-01
5.170765519142150879e-01 4.513397812843322754e-01
5.729006528854370117e-01 5.698960423469543457e-01
5.629894733428955078e-01 4.160119891166687012e-01
4.523359537124633789e-01 5.317655801773071289e-01
4.565136134624481201e-01 4.807959794998168945e-01
6.544407010078430176e-01 5.198868513107299805e-01
6.609597802162170410e-01 4.714111089706420898e-01
7.826168537139892578e-01 5.109502077102661133e-01
7.991870641708374023e-01 4.579619765281677246e-01
9.180728793144226074e-01 4.581931233406066895e-01
9.259253740310668945e-01 4.385404288768768311e-01
