4.693364799022674561e-01 4.858611524105072021e-01
4.604178667068481445e-01 4.945583343505859375e-01
4.618270993232727051e-01 4.842535853385925293e-01
4.640356004238128662e-01 4.956654906272888184e-01
4.662315845489501953e-01 4.835756421089172363e-01
5.157326459884643555e-01 4.999750554561614990e-01
5.178554654121398926e-01 4.854215979576110840e-01
5.892686247825622559e-01 5.493037700653076172e-01
5.951842665672302246e-01 4.955436885356903076e-01
6.122693419456481934e-01 5.802950263023376465e-01
5.901309847831726074e-01 3.970080614089965820e-01
6.675158739089965820e-01 5.081279277801513672e-01
6.712383627891540527e-01 4.868797659873962402e-01
7.901052236557006836e-01 4.871687293052673340e-01
7.936412096023559570e-01 4.669317901134490967e-01
9.207030534744262695e-01 4.661835432052612305e-01
9.286458492279052734e-01 4.586313962936401367e-01
