4.959127902984619141e-01 5.706597566604614258e-01
4.909692704677581787e-01 5.648363232612609863e-01
4.931710660457611084e-01 5.746562480926513672e-01
4.932432770729064941e-01 5.614444017410278320e-01
4.975031018257141113e-01 5.814971923828125000e-01
5.244299173355102539e-01 5.625972151756286621e-01
5.281953811645507812e-01 5.879736542701721191e-01
5.673139095306396484e-01 5.721994638442993164e-01
5.682921409606933594e-01 6.007376909255981445e-01
5.518423318862915039e-01 5.863407850265502930e-01
5.747060179710388184e-01 6.124131679534912109e-01
6.178478002548217773e-01 5.701112747192382812e-01
6.178829669952392578e-01 5.865175724029541016e-01
6.955106258392333984e-01 5.640200376510620117e-01
6.983693838119506836e-01 5.828481912612915039e-01
7.843765020370483398e-01 5.602446794509887695e-01
7.837867736816406250e-01 5.857273340225219727e-01
