4.413222670555114746e-01 5.084880590438842773e-01
4.342545270919799805e-01 5.111761093139648438e-01
4.363170564174652100e-01 5.024707913398742676e-01
4.388092160224914551e-01 5.165505409240722656e-01
4.397310018539428711e-01 4.912246167659759521e-01
4.839286208152770996e-01 5.187332630157470703e-01
4.745465219020843506e-01 4.835708737373352051e-01
5.511425137519836426e-01 5.380672216415405273e-01
5.359812378883361816e-01 4.872812628746032715e-01
5.869482755661010742e-01 5.339267849922180176e-01
6.300473213195800781e-01 5.041121244430541992e-01
6.037280559539794922e-01 5.231313705444335938e-01
6.152884960174560547e-01 4.884895682334899902e-01
6.908851861953735352e-01 5.146840810775756836e-01
6.942252516746520996e-01 4.894720315933227539e-01
7.509965300559997559e-01 5.421707034111022949e-01
7.540969252586364746e-01 5.029494762420654297e-01
