3.987138271331787109e-01 5.552604198455810547e-01
3.888618350028991699e-01 5.605380535125732422e-01
3.880628049373626709e-01 5.448578596115112305e-01
3.975391387939453125e-01 5.697895288467407227e-01
3.932493925094604492e-01 5.332670211791992188e-01
4.462392032146453857e-01 5.822573900222778320e-01
4.505618810653686523e-01 5.150183439254760742e-01
4.927424788475036621e-01 6.033250689506530762e-01
5.092155933380126953e-01 5.000433325767517090e-01
5.068019032478332520e-01 6.410931348800659180e-01
5.258485078811645508e-01 4.687812030315399170e-01
6.006686687469482422e-01 5.600356459617614746e-01
6.033191680908203125e-01 5.228684544563293457e-01
7.205663919448852539e-01 5.600976347923278809e-01
7.246551513671875000e-01 5.346784591674804688e-01
8.475317358970642090e-01 5.643222332000732422e-01
8.516790270805358887e-01 5.315436124801635742e-01
