3.533551096916198730e-01 4.751388728618621826e-01
3.488626480102539062e-01 4.756510853767395020e-01
3.498449921607971191e-01 4.702857136726379395e-01
3.614309430122375488e-01 4.916157424449920654e-01
3.569512367248535156e-01 4.629894495010375977e-01
4.109208285808563232e-01 5.079308152198791504e-01
4.098123013973236084e-01 4.630609452724456787e-01
4.696645140647888184e-01 5.291368365287780762e-01
4.666713476181030273e-01 4.443096816539764404e-01
5.314089059829711914e-01 5.503317117691040039e-01
5.158162117004394531e-01 4.615192413330078125e-01
5.499194264411926270e-01 4.858299493789672852e-01
5.497753620147705078e-01 4.575271308422088623e-01
7.012373805046081543e-01 4.623233079910278320e-01
6.984241008758544922e-01 4.440525770187377930e-01
8.301105499267578125e-01 4.477731883525848389e-01
8.321329355239868164e-01 4.186693131923675537e-01
