4.707326889038085938e-01 5.386632680892944336e-01
4.631669521331787109e-01 5.399817228317260742e-01
4.623769223690032959e-01 5.244275331497192383e-01
4.685364365577697754e-01 5.385534167289733887e-01
4.684774577617645264e-01 5.058209300041198730e-01
5.175793170928955078e-01 5.381376743316650391e-01
5.221319198608398438e-01 4.653135538101196289e-01
5.799733996391296387e-01 5.615315437316894531e-01
6.083656549453735352e-01 4.246624410152435303e-01
6.174466609954833984e-01 5.750521421432495117e-01
5.933573246002197266e-01 4.134386479854583740e-01
6.659826636314392090e-01 5.110570788383483887e-01
6.695902347564697266e-01 4.621353745460510254e-01
7.814005613327026367e-01 4.929397106170654297e-01
7.945580482482910156e-01 4.421725273132324219e-01
9.186808466911315918e-01 4.379583299160003662e-01
9.306380748748779297e-01 4.200731217861175537e-01
