4.962461888790130615e-01 5.485253334045410156e-01
4.906730353832244873e-01 5.448197126388549805e-01
4.908445477485656738e-01 5.507681965827941895e-01
4.927900433540344238e-01 5.446799397468566895e-01
4.913452565670013428e-01 5.563100576400756836e-01
5.203652977943420410e-01 5.466803312301635742e-01
5.202337503433227539e-01 5.586940050125122070e-01
5.624932050704956055e-01 5.498534440994262695e-01
5.623782873153686523e-01 5.666420459747314453e-01
6.069294214248657227e-01 5.583616495132446289e-01
6.035056114196777344e-01 5.625258088111877441e-01
6.060057878494262695e-01 5.549933910369873047e-01
6.049975156784057617e-01 5.619298219680786133e-01
6.667987704277038574e-01 5.468349456787109375e-01
6.691895723342895508e-01 5.540530085563659668e-01
7.323366403579711914e-01 5.425651073455810547e-01
7.314206957817077637e-01 5.485321283340454102e-01
