3.688631057739257812e-01 5.097055435180664062e-01
3.630653321743011475e-01 5.088770389556884766e-01
3.655973672866821289e-01 4.848943948745727539e-01
3.642079532146453857e-01 4.831529855728149414e-01
3.615626990795135498e-01 4.621381759643554688e-01
4.019282758235931396e-01 4.856323599815368652e-01
4.027758240699768066e-01 4.498956799507141113e-01
4.688045680522918701e-01 5.125405788421630859e-01
4.720642268657684326e-01 4.531020522117614746e-01
4.482739865779876709e-01 5.786382555961608887e-01
4.084086418151855469e-01 4.104235172271728516e-01
5.246575474739074707e-01 4.824295043945312500e-01
5.261850953102111816e-01 4.601577222347259521e-01
6.385831832885742188e-01 4.805042147636413574e-01
6.442938446998596191e-01 4.635713696479797363e-01
7.603440284729003906e-01 5.004215836524963379e-01
7.403517961502075195e-01 4.690460860729217529e-01
