6.145645380020141602e-01 7.695713043212890625e-01
6.190782189369201660e-01 7.695968151092529297e-01
6.122750043869018555e-01 7.694607973098754883e-01
6.234939098358154297e-01 7.950695753097534180e-01
6.115435957908630371e-01 7.703118324279785156e-01
6.302169561386108398e-01 7.680432796478271484e-01
6.257647275924682617e-01 7.674161195755004883e-01
6.432741880416870117e-01 7.661003470420837402e-01
6.330326795578002930e-01 7.576097249984741211e-01
6.631383299827575684e-01 7.604644298553466797e-01
6.524435877799987793e-01 7.383583784103393555e-01
6.714834570884704590e-01 7.661336660385131836e-01
6.701430678367614746e-01 7.638173103332519531e-01
6.950468420982360840e-01 7.559378147125244141e-01
6.930121183395385742e-01 7.529692053794860840e-01
7.296999692916870117e-01 7.934799194335937500e-01
7.206345796585083008e-01 7.480735778808593750e-01
