4.923092126846313477e-01 5.599180459976196289e-01
4.850992560386657715e-01 5.561989545822143555e-01
4.898252487182617188e-01 5.633709430694580078e-01
4.895706176757812500e-01 5.507901310920715332e-01
4.943500161170959473e-01 5.686272382736206055e-01
5.132830142974853516e-01 5.489997863769531250e-01
5.202147960662841797e-01 5.769881010055541992e-01
5.380020141601562500e-01 5.494958162307739258e-01
5.580443739891052246e-01 5.875682234764099121e-01
5.657197237014770508e-01 5.628226399421691895e-01
5.706082582473754883e-01 5.746722817420959473e-01
5.966291427612304688e-01 5.639125108718872070e-01
5.961182713508605957e-01 5.782388448715209961e-01
6.560441851615905762e-01 5.674474239349365234e-01
6.573694944381713867e-01 5.784288644790649414e-01
7.286369800567626953e-01 5.748691558837890625e-01
7.299879789352416992e-01 5.796028375625610352e-01
