3.971645832061767578e-01 5.400977134704589844e-01
3.877919316291809082e-01 5.524766445159912109e-01
3.872740268707275391e-01 5.358872413635253906e-01
3.941933810710906982e-01 5.649030208587646484e-01
3.940633535385131836e-01 5.211331248283386230e-01
4.450885057449340820e-01 5.770862698554992676e-01
4.552088975906372070e-01 5.109004378318786621e-01
5.019874572753906250e-01 5.956800580024719238e-01
5.239613056182861328e-01 5.083670616149902344e-01
5.191972255706787109e-01 6.296943426132202148e-01
5.776870846748352051e-01 4.849574565887451172e-01
6.075374484062194824e-01 5.674593448638916016e-01
6.142083406448364258e-01 5.299906134605407715e-01
7.244789600372314453e-01 5.953750610351562500e-01
7.328953146934509277e-01 5.455914735794067383e-01
8.505679965019226074e-01 6.176261901855468750e-01
8.542065024375915527e-01 5.495657920837402344e-01
