4.328366518020629883e-01 4.801154136657714844e-01
4.251967668533325195e-01 4.897884130477905273e-01
4.241767525672912598e-01 4.748553037643432617e-01
4.330119490623474121e-01 5.005895495414733887e-01
4.290827214717864990e-01 4.677088260650634766e-01
4.663067460060119629e-01 5.157782435417175293e-01
4.662473201751708984e-01 4.561347961425781250e-01
5.100095272064208984e-01 5.226127505302429199e-01
5.163674354553222656e-01 4.508458375930786133e-01
5.456331968307495117e-01 5.032101869583129883e-01
5.451012849807739258e-01 4.733419418334960938e-01
5.485720634460449219e-01 5.045320987701416016e-01
5.507551431655883789e-01 4.638338088989257812e-01
6.182321310043334961e-01 4.844533205032348633e-01
6.284385323524475098e-01 4.375405013561248779e-01
6.607159972190856934e-01 4.745789468288421631e-01
6.638327240943908691e-01 4.373818039894104004e-01
