4.125559329986572266e-01 5.116225481033325195e-01
4.069762825965881348e-01 5.131504535675048828e-01
4.079384505748748779e-01 5.075887441635131836e-01
4.073573350906372070e-01 5.216925144195556641e-01
4.074935615062713623e-01 4.644261002540588379e-01
4.603826999664306641e-01 5.212105512619018555e-01
4.615188539028167725e-01 4.899886548519134521e-01
5.405430793762207031e-01 5.168956518173217773e-01
5.383559465408325195e-01 4.766173362731933594e-01
5.761592388153076172e-01 5.273932814598083496e-01
6.368434429168701172e-01 4.815892875194549561e-01
6.093008518218994141e-01 4.988004863262176514e-01
6.368384361267089844e-01 4.569662511348724365e-01
7.597413063049316406e-01 4.828934669494628906e-01
7.553829550743103027e-01 4.276386201381683350e-01
9.037665724754333496e-01 5.099726915359497070e-01
8.782906532287597656e-01 4.005401134490966797e-01
