5.209999084472656250e-01 6.381012201309204102e-01
5.156707167625427246e-01 6.242636442184448242e-01
5.173339843750000000e-01 6.264126896858215332e-01
5.170903205871582031e-01 6.231541633605957031e-01
5.192454457283020020e-01 6.263208389282226562e-01
5.261435508728027344e-01 6.201239824295043945e-01
5.298162698745727539e-01 6.192489862442016602e-01
5.572301745414733887e-01 6.264085173606872559e-01
5.563086867332458496e-01 6.197681427001953125e-01
5.652540326118469238e-01 6.298512816429138184e-01
6.151593923568725586e-01 6.048613786697387695e-01
6.069378256797790527e-01 6.211428046226501465e-01
6.092128157615661621e-01 6.181282401084899902e-01
6.672996282577514648e-01 6.131098270416259766e-01
6.741661429405212402e-01 6.086192131042480469e-01
7.377416491508483887e-01 6.154304742813110352e-01
7.446444034576416016e-01 6.153566837310791016e-01
