5.120042562484741211e-01 6.150579452514648438e-01
5.064100027084350586e-01 6.084946393966674805e-01
5.066663026809692383e-01 6.200302839279174805e-01
5.089524388313293457e-01 6.011489033699035645e-01
5.099589228630065918e-01 6.218767762184143066e-01
5.345194339752197266e-01 5.899373292922973633e-01
5.383315086364746094e-01 6.152653694152832031e-01
5.777153372764587402e-01 5.850611925125122070e-01
5.703948140144348145e-01 6.239521503448486328e-01
6.282119750976562500e-01 5.891412496566772461e-01
5.871975421905517578e-01 6.168422698974609375e-01
6.292608976364135742e-01 5.756495594978332520e-01
6.291659474372863770e-01 5.983449220657348633e-01
6.991681456565856934e-01 5.805594325065612793e-01
7.021749019622802734e-01 6.010413765907287598e-01
7.576619982719421387e-01 5.885449647903442383e-01
7.681133747100830078e-01 6.051392555236816406e-01
