5.248130559921264648e-01 6.196262836456298828e-01
5.198424458503723145e-01 6.218950748443603516e-01
5.217207074165344238e-01 6.233041286468505859e-01
5.198220014572143555e-01 6.224262714385986328e-01
5.222615003585815430e-01 6.221435070037841797e-01
5.569140911102294922e-01 6.152098178863525391e-01
5.491754412651062012e-01 6.022725701332092285e-01
5.875562429428100586e-01 6.002512574195861816e-01
5.788306593894958496e-01 5.915545225143432617e-01
6.308753490447998047e-01 5.792073011398315430e-01
6.274896860122680664e-01 5.712502002716064453e-01
6.332518458366394043e-01 5.859651565551757812e-01
6.303447484970092773e-01 5.750684142112731934e-01
6.980948448181152344e-01 5.763168334960937500e-01
6.980798244476318359e-01 5.657688975334167480e-01
7.814983129501342773e-01 5.726577043533325195e-01
7.819970846176147461e-01 5.520162582397460938e-01
