3.372258841991424561e-01 6.072099804878234863e-01
3.273792266845703125e-01 5.898566246032714844e-01
3.285198211669921875e-01 6.105658411979675293e-01
3.346797823905944824e-01 5.423716306686401367e-01
3.375686109066009521e-01 5.927097201347351074e-01
3.931557536125183105e-01 4.965233206748962402e-01
4.122143983840942383e-01 5.785598754882812500e-01
4.812822341918945312e-01 5.107933282852172852e-01
4.987113177776336670e-01 6.134356260299682617e-01
5.429898500442504883e-01 6.547659635543823242e-01
5.592145323753356934e-01 6.512475013732910156e-01
5.799876451492309570e-01 4.668318927288055420e-01
5.901485681533813477e-01 5.205905437469482422e-01
7.372305393218994141e-01 4.276475310325622559e-01
7.441229820251464844e-01 5.140032768249511719e-01
8.741726279258728027e-01 3.746790885925292969e-01
9.114524722099304199e-01 4.833883941173553467e-01
