3.508588671684265137e-01 5.451221466064453125e-01
3.386132717132568359e-01 5.246700048446655273e-01
3.453705012798309326e-01 5.194668769836425781e-01
3.369036912918090820e-01 5.541003942489624023e-01
3.353147208690643311e-01 5.173571109771728516e-01
3.887823522090911865e-01 5.412449836730957031e-01
3.773252367973327637e-01 5.128242373466491699e-01
4.500647187232971191e-01 5.343800783157348633e-01
4.350838661193847656e-01 4.622045457363128662e-01
5.004409551620483398e-01 5.436311960220336914e-01
4.724889993667602539e-01 4.631053209304809570e-01
5.211116671562194824e-01 4.879260659217834473e-01
5.237700939178466797e-01 4.593536555767059326e-01
6.327534914016723633e-01 4.319679737091064453e-01
6.319583654403686523e-01 4.282411932945251465e-01
7.557436227798461914e-01 4.167307019233703613e-01
7.541055679321289062e-01 4.047141969203948975e-01
