3.491460680961608887e-01 4.777905642986297607e-01
3.420750498771667480e-01 4.711076021194458008e-01
3.437135815620422363e-01 4.752471446990966797e-01
3.478860557079315186e-01 4.677276313304901123e-01
3.519231081008911133e-01 4.735063910484313965e-01
3.977006077766418457e-01 4.713034331798553467e-01
3.969137370586395264e-01 4.987812936305999756e-01
4.384275078773498535e-01 5.008808374404907227e-01
4.522647559642791748e-01 5.522652864456176758e-01
3.488035798072814941e-01 4.440412521362304688e-01
4.300771653652191162e-01 5.529851913452148438e-01
5.520186424255371094e-01 4.764150381088256836e-01
5.562497973442077637e-01 4.865511059761047363e-01
6.959320902824401855e-01 4.774557352066040039e-01
7.027795314788818359e-01 5.027624964714050293e-01
8.347986936569213867e-01 4.912548065185546875e-01
8.384773731231689453e-01 5.073695778846740723e-01
