4.082446098327636719e-01 5.641815066337585449e-01
3.999761044979095459e-01 5.742267370223999023e-01
3.984433114528656006e-01 5.599079132080078125e-01
4.050359129905700684e-01 5.866031646728515625e-01
4.027450680732727051e-01 5.416711568832397461e-01
4.539871811866760254e-01 5.850064754486083984e-01
4.516509473323822021e-01 5.192124843597412109e-01
5.276856422424316406e-01 5.869501233100891113e-01
5.205656886100769043e-01 5.016802549362182617e-01
5.794206857681274414e-01 6.032927632331848145e-01
5.804738402366638184e-01 4.956482350826263428e-01
6.030793190002441406e-01 5.531646013259887695e-01
6.042825579643249512e-01 5.119843482971191406e-01
7.203196287155151367e-01 5.399729013442993164e-01
7.169133424758911133e-01 4.978936910629272461e-01
8.441823720932006836e-01 5.304249525070190430e-01
8.366518020629882812e-01 4.692386984825134277e-01
