4.100527465343475342e-01 5.219984650611877441e-01
3.922223448753356934e-01 5.278909206390380859e-01
3.942003846168518066e-01 5.175091028213500977e-01
3.930774331092834473e-01 5.322021245956420898e-01
3.985901474952697754e-01 4.952049255371093750e-01
4.525632560253143311e-01 5.325064063072204590e-01
4.462858438491821289e-01 4.885504245758056641e-01
5.210570693016052246e-01 5.367391705513000488e-01
5.218537449836730957e-01 4.858872294425964355e-01
5.260717868804931641e-01 5.468201637268066406e-01
6.233838200569152832e-01 4.873265027999877930e-01
5.957615971565246582e-01 5.152980089187622070e-01
6.047926545143127441e-01 4.814618229866027832e-01
7.217408418655395508e-01 5.059926509857177734e-01
7.136162519454956055e-01 4.796674847602844238e-01
6.692144274711608887e-01 8.267621397972106934e-01
8.852409720420837402e-01 4.287983179092407227e-01
