3.448536992073059082e-01 8.965607881546020508e-01
3.381108641624450684e-01 8.974684476852416992e-01
3.381826281547546387e-01 8.884264230728149414e-01
3.408898711204528809e-01 9.015902280807495117e-01
3.362282216548919678e-01 8.808418512344360352e-01
3.741502761840820312e-01 9.061716794967651367e-01
3.752390146255493164e-01 8.772737383842468262e-01
4.089477956295013428e-01 9.097403287887573242e-01
4.122000634670257568e-01 8.752719759941101074e-01
4.437302947044372559e-01 9.002016782760620117e-01
4.360720515251159668e-01 8.717334270477294922e-01
4.506069123744964600e-01 9.049916267395019531e-01
4.504941701889038086e-01 8.824693560600280762e-01
5.109196901321411133e-01 9.089212417602539062e-01
5.116426944732666016e-01 8.882672190666198730e-01
5.624603629112243652e-01 9.092273712158203125e-01
5.664771795272827148e-01 8.838559389114379883e-01
