4.031848609447479248e-01 5.504430532455444336e-01
3.957278430461883545e-01 5.589985847473144531e-01
3.943213820457458496e-01 5.403288006782531738e-01
4.033008515834808350e-01 5.601216554641723633e-01
4.011152684688568115e-01 5.234007239341735840e-01
4.478092193603515625e-01 5.773904919624328613e-01
4.588300585746765137e-01 5.029768943786621094e-01
4.322968423366546631e-01 6.163165569305419922e-01
5.128387212753295898e-01 4.767781198024749756e-01
3.852602243423461914e-01 6.437341570854187012e-01
4.959797263145446777e-01 4.568328261375427246e-01
6.138627529144287109e-01 5.722444057464599609e-01
6.172109842300415039e-01 5.289304852485656738e-01
7.240099906921386719e-01 5.903248190879821777e-01
7.323546409606933594e-01 5.346028208732604980e-01
8.546578884124755859e-01 6.026967763900756836e-01
8.531656265258789062e-01 5.302681922912597656e-01
