3.903583884239196777e-01 5.370126366615295410e-01
3.813736140727996826e-01 5.446841716766357422e-01
3.826107978820800781e-01 5.267285108566284180e-01
3.909709155559539795e-01 5.576200485229492188e-01
3.922232091426849365e-01 5.145881175994873047e-01
4.353130459785461426e-01 5.731825828552246094e-01
4.552609920501708984e-01 5.034341216087341309e-01
4.270047545433044434e-01 6.298578381538391113e-01
5.164288282394409180e-01 4.876214265823364258e-01
3.886252343654632568e-01 6.474665403366088867e-01
5.278379917144775391e-01 4.763756692409515381e-01
6.061874032020568848e-01 5.830143690109252930e-01
6.150863766670227051e-01 5.338203907012939453e-01
7.309325933456420898e-01 6.148217916488647461e-01
7.374271154403686523e-01 5.519747734069824219e-01
8.453457355499267578e-01 6.452198028564453125e-01
8.506706953048706055e-01 5.749819278717041016e-01
