3.947477042675018311e-01 4.659716486930847168e-01
3.843168616294860840e-01 4.677178561687469482e-01
3.845795989036560059e-01 4.671325087547302246e-01
3.893144130706787109e-01 4.663414955139160156e-01
3.896549940109252930e-01 4.627118706703186035e-01
4.495052993297576904e-01 4.576075077056884766e-01
4.467307329177856445e-01 4.565097093582153320e-01
4.747292399406433105e-01 4.625537395477294922e-01
4.753018617630004883e-01 4.664282202720642090e-01
4.307307898998260498e-01 4.783322215080261230e-01
4.310146570205688477e-01 4.782834649085998535e-01
6.128661632537841797e-01 4.479263424873352051e-01
6.137649416923522949e-01 4.532288312911987305e-01
7.522685527801513672e-01 4.455345571041107178e-01
7.592135667800903320e-01 4.506886601448059082e-01
8.597297668457031250e-01 3.980492055416107178e-01
8.685838580131530762e-01 4.103896021842956543e-01
