5.189149379730224609e-01 6.137695312500000000e-01
5.144314169883728027e-01 6.110792160034179688e-01
5.163379907608032227e-01 6.176209449768066406e-01
5.148820877075195312e-01 6.073002219200134277e-01
5.179346203804016113e-01 6.199389100074768066e-01
5.401387214660644531e-01 5.912196636199951172e-01
5.426556468009948730e-01 6.152699589729309082e-01
5.897172689437866211e-01 5.863146781921386719e-01
5.715080499649047852e-01 6.260235905647277832e-01
6.136586666107177734e-01 6.009156107902526855e-01
5.520647168159484863e-01 6.422256827354431152e-01
6.320335268974304199e-01 5.852133035659790039e-01
6.297039389610290527e-01 6.050268411636352539e-01
6.952769756317138672e-01 5.884646177291870117e-01
6.983788013458251953e-01 6.015765666961669922e-01
7.660659551620483398e-01 5.936238765716552734e-01
7.662569284439086914e-01 6.007788777351379395e-01
