4.203822016716003418e-01 5.048112273216247559e-01
4.126796126365661621e-01 5.082914829254150391e-01
4.147489070892333984e-01 4.999793171882629395e-01
4.144329428672790527e-01 5.168650150299072266e-01
4.167078733444213867e-01 4.962311983108520508e-01
4.627043008804321289e-01 5.250594615936279297e-01
4.618594050407409668e-01 4.862299561500549316e-01
5.259091854095458984e-01 5.338752269744873047e-01
5.231897830963134766e-01 4.913080930709838867e-01
5.777254104614257812e-01 5.478364229202270508e-01
5.529283285140991211e-01 5.210603475570678711e-01
5.717244148254394531e-01 5.359033942222595215e-01
5.792235136032104492e-01 5.040996074676513672e-01
6.701918840408325195e-01 5.209978818893432617e-01
6.742047071456909180e-01 5.012489557266235352e-01
7.411680221557617188e-01 5.417013168334960938e-01
7.441482543945312500e-01 5.110046267509460449e-01
