4.090762138366699219e-01 5.585688948631286621e-01
4.003129601478576660e-01 5.634993314743041992e-01
3.974922597408294678e-01 5.511557459831237793e-01
4.034330844879150391e-01 5.657864809036254883e-01
4.023640155792236328e-01 5.359032750129699707e-01
4.555739760398864746e-01 5.790195465087890625e-01
4.614613652229309082e-01 5.172601938247680664e-01
5.219074487686157227e-01 5.853767395019531250e-01
5.365563035011291504e-01 5.142812132835388184e-01
5.730125904083251953e-01 6.147947311401367188e-01
6.038534641265869141e-01 5.143486857414245605e-01
6.144816279411315918e-01 5.609565973281860352e-01
6.172660589218139648e-01 5.236526727676391602e-01
7.247094511985778809e-01 5.792990922927856445e-01
7.266125082969665527e-01 5.230249166488647461e-01
8.466207385063171387e-01 5.834910869598388672e-01
8.520535230636596680e-01 5.200979709625244141e-01
