3.451095819473266602e-01 6.140426397323608398e-01
3.343128859996795654e-01 6.075625419616699219e-01
3.354755640029907227e-01 6.153376698493957520e-01
3.376287817955017090e-01 5.711499452590942383e-01
3.386171460151672363e-01 5.907429456710815430e-01
3.907650411128997803e-01 5.285072922706604004e-01
3.990525603294372559e-01 5.696647763252258301e-01
4.806350469589233398e-01 6.050754785537719727e-01
4.865685105323791504e-01 6.172636747360229492e-01
4.981403350830078125e-01 6.387927532196044922e-01
5.340512394905090332e-01 6.522905826568603516e-01
5.770107507705688477e-01 4.885150194168090820e-01
5.830858945846557617e-01 5.288701057434082031e-01
7.316998839378356934e-01 4.467018544673919678e-01
7.420158386230468750e-01 5.331350564956665039e-01
8.840459585189819336e-01 3.893500566482543945e-01
9.067122936248779297e-01 5.037965774536132812e-01
