3.872683942317962646e-01 4.612526297569274902e-01
3.785110116004943848e-01 4.583095908164978027e-01
3.809950053691864014e-01 4.598654210567474365e-01
3.826245069503784180e-01 4.580208659172058105e-01
3.868280053138732910e-01 4.587315917015075684e-01
4.413621127605438232e-01 4.641957879066467285e-01
4.476104676723480225e-01 4.575311541557312012e-01
5.136343240737915039e-01 4.621087908744812012e-01
5.189295411109924316e-01 4.580095708370208740e-01
4.290895462036132812e-01 4.603537917137145996e-01
4.639795422554016113e-01 4.069577157497406006e-01
6.074729561805725098e-01 4.761382341384887695e-01
6.094475388526916504e-01 4.675298631191253662e-01
7.451484203338623047e-01 4.651877284049987793e-01
7.482053637504577637e-01 4.685301780700683594e-01
8.715710043907165527e-01 4.229879081249237061e-01
8.801585435867309570e-01 4.391982555389404297e-01
