4.156765341758728027e-01 4.715115725994110107e-01
4.087595343589782715e-01 4.631231725215911865e-01
4.113650918006896973e-01 4.618951678276062012e-01
4.259287118911743164e-01 4.546634554862976074e-01
4.344200491905212402e-01 4.483622312545776367e-01
4.747318625450134277e-01 4.826507568359375000e-01
5.039491057395935059e-01 4.690746068954467773e-01
5.606840848922729492e-01 5.042027831077575684e-01
6.170974373817443848e-01 4.406192898750305176e-01
4.251763522624969482e-01 4.902256131172180176e-01
6.568595767021179199e-01 4.361676871776580811e-01
6.564714908599853516e-01 5.279430150985717773e-01
6.608636379241943359e-01 5.165403485298156738e-01
7.891756296157836914e-01 5.622309446334838867e-01
7.859715819358825684e-01 5.625793933868408203e-01
9.215625524520874023e-01 5.521959662437438965e-01
9.226049780845642090e-01 5.485377311706542969e-01
