4.030793607234954834e-01 5.697628855705261230e-01
2.469736933708190918e-01 7.324156761169433594e-01
2.460318505764007568e-01 7.302247881889343262e-01
3.997793197631835938e-01 5.700484514236450195e-01
2.476957738399505615e-01 7.250701189041137695e-01
4.138874709606170654e-01 5.660693049430847168e-01
4.146936535835266113e-01 5.626748204231262207e-01
4.686297178268432617e-01 5.471270084381103516e-01
4.691036939620971680e-01 5.232569575309753418e-01
4.811060428619384766e-01 5.581961274147033691e-01
4.831185340881347656e-01 5.497274994850158691e-01
5.234625935554504395e-01 4.844920039176940918e-01
5.264941453933715820e-01 4.794197678565979004e-01
6.343505382537841797e-01 4.807825088500976562e-01
6.252993941307067871e-01 4.704234302043914795e-01
7.611808180809020996e-01 5.065470933914184570e-01
7.646936178207397461e-01 5.005268454551696777e-01
