3.736734092235565186e-01 5.344703197479248047e-01
3.531256616115570068e-01 5.500283241271972656e-01
3.542147874832153320e-01 5.486465692520141602e-01
3.520519733428955078e-01 5.509163141250610352e-01
3.224752843379974365e-01 6.499026417732238770e-01
4.129106998443603516e-01 5.254333019256591797e-01
4.174611270427703857e-01 5.108311772346496582e-01
4.919089972972869873e-01 5.047039389610290527e-01
4.965038001537322998e-01 4.931993186473846436e-01
5.247015953063964844e-01 5.445795059204101562e-01
5.275664925575256348e-01 5.269663333892822266e-01
5.622432231903076172e-01 4.984147548675537109e-01
5.707256793975830078e-01 4.739693105220794678e-01
7.275289893150329590e-01 4.343943297863006592e-01
6.764801740646362305e-01 4.242878854274749756e-01
8.125714063644409180e-01 4.436306953430175781e-01
7.913874983787536621e-01 4.408632516860961914e-01
