5.018146634101867676e-01 6.059392690658569336e-01
4.961213767528533936e-01 6.072927713394165039e-01
4.970193505287170410e-01 6.051383018493652344e-01
4.969514608383178711e-01 6.072880029678344727e-01
4.980038106441497803e-01 6.031855940818786621e-01
5.239093303680419922e-01 6.216272115707397461e-01
5.261369943618774414e-01 5.954090356826782227e-01
5.652107000350952148e-01 6.311234235763549805e-01
5.592764616012573242e-01 5.922657251358032227e-01
5.904385447502136230e-01 6.289478540420532227e-01
5.878233909606933594e-01 6.011096835136413574e-01
6.152658462524414062e-01 6.233891248703002930e-01
6.128214597702026367e-01 6.015510559082031250e-01
6.767467856407165527e-01 6.158676147460937500e-01
6.792795658111572266e-01 6.100923418998718262e-01
7.468955516815185547e-01 6.302840709686279297e-01
7.446928024291992188e-01 6.179980039596557617e-01
