4.764719009399414062e-01 4.896851181983947754e-01
4.705941081047058105e-01 4.784936904907226562e-01
4.722995460033416748e-01 5.002809166908264160e-01
4.764473438262939453e-01 4.641759097576141357e-01
4.804603457450866699e-01 5.111078619956970215e-01
5.250848531723022461e-01 4.242418706417083740e-01
5.242707729339599609e-01 5.161807537078857422e-01
6.001811027526855469e-01 4.152966141700744629e-01
6.016809940338134766e-01 5.378880500793457031e-01
6.485693454742431641e-01 4.660438895225524902e-01
6.152623891830444336e-01 5.539098978042602539e-01
6.679276823997497559e-01 4.450460374355316162e-01
6.680473685264587402e-01 4.899367690086364746e-01
7.820536494255065918e-01 4.189915657043457031e-01
7.791509628295898438e-01 4.635123610496520996e-01
9.095344543457031250e-01 3.897744417190551758e-01
9.148885607719421387e-01 4.047827124595642090e-01
