3.290833234786987305e-01 4.649056196212768555e-01
3.172152638435363770e-01 4.708321094512939453e-01
3.174579739570617676e-01 4.660889804363250732e-01
3.213255107402801514e-01 5.101889967918395996e-01
3.174314200878143311e-01 4.739931821823120117e-01
3.702559471130371094e-01 5.101034641265869141e-01
3.601769208908081055e-01 4.771496653556823730e-01
4.547663927078247070e-01 4.750707745552062988e-01
4.455291032791137695e-01 4.778724312782287598e-01
4.780241250991821289e-01 4.720953702926635742e-01
4.749384522438049316e-01 4.673531055450439453e-01
5.236185789108276367e-01 4.636991024017333984e-01
5.254708528518676758e-01 4.597279429435729980e-01
6.416737437248229980e-01 4.109288454055786133e-01
6.398339271545410156e-01 4.099071025848388672e-01
7.607952952384948730e-01 3.854762315750122070e-01
7.574319839477539062e-01 3.768181204795837402e-01
