4.074754118919372559e-01 5.635172128677368164e-01
3.968101441860198975e-01 5.780007243156433105e-01
4.015187621116638184e-01 5.610181689262390137e-01
4.004900455474853516e-01 5.846907496452331543e-01
4.098731875419616699e-01 5.487061738967895508e-01
4.589450955390930176e-01 5.551141500473022461e-01
4.535200595855712891e-01 5.276601314544677734e-01
5.243922472000122070e-01 5.840599536895751953e-01
5.135046243667602539e-01 4.935880899429321289e-01
5.890635251998901367e-01 5.626287460327148438e-01
5.853527784347534180e-01 5.167515277862548828e-01
5.844947099685668945e-01 5.000025629997253418e-01
5.760039091110229492e-01 4.631423950195312500e-01
7.095350027084350586e-01 4.864785373210906982e-01
6.917543411254882812e-01 4.235073328018188477e-01
8.370971679687500000e-01 4.651357829570770264e-01
7.374516725540161133e-01 3.796815574169158936e-01
