4.083074033260345459e-01 5.585672855377197266e-01
4.000782370567321777e-01 5.692246556282043457e-01
3.966254889965057373e-01 5.498950481414794922e-01
4.057483077049255371e-01 5.819092988967895508e-01
4.021776616573333740e-01 5.372099876403808594e-01
4.576551616191864014e-01 5.834035873413085938e-01
4.561932086944580078e-01 5.143156051635742188e-01
5.125248432159423828e-01 5.872240066528320312e-01
5.235444307327270508e-01 4.966456890106201172e-01
5.260193347930908203e-01 6.408087611198425293e-01
5.648299455642700195e-01 4.846113324165344238e-01
6.181889176368713379e-01 5.515123605728149414e-01
6.205288171768188477e-01 5.129699707031250000e-01
7.307681441307067871e-01 5.547465085983276367e-01
7.355346083641052246e-01 5.020177364349365234e-01
8.623512983322143555e-01 5.549269914627075195e-01
8.670102953910827637e-01 4.916020035743713379e-01
