4.662451446056365967e-01 6.914407610893249512e-01
4.624105095863342285e-01 6.907467246055603027e-01
4.623404741287231445e-01 7.039632797241210938e-01
4.650840163230895996e-01 6.770002841949462891e-01
4.624391794204711914e-01 6.895410418510437012e-01
4.826440811157226562e-01 6.506406068801879883e-01
4.846504926681518555e-01 6.731736660003662109e-01
5.392585992813110352e-01 6.374339461326599121e-01
5.405417680740356445e-01 6.475075483322143555e-01
5.464905500411987305e-01 6.904243826866149902e-01
5.482137203216552734e-01 6.901702880859375000e-01
6.049572229385375977e-01 6.080309152603149414e-01
6.052136421203613281e-01 6.137080788612365723e-01
7.054239511489868164e-01 5.982479453086853027e-01
7.125331163406372070e-01 6.015286445617675781e-01
8.107370138168334961e-01 5.610576868057250977e-01
8.182874917984008789e-01 5.605888366699218750e-01
