3.476617038249969482e-01 5.088668465614318848e-01
3.445564210414886475e-01 5.085625648498535156e-01
3.450939357280731201e-01 5.004247426986694336e-01
2.530440688133239746e-01 6.235480904579162598e-01
3.531006574630737305e-01 4.898340106010437012e-01
2.780424356460571289e-01 6.278602480888366699e-01
3.910495936870574951e-01 4.965627789497375488e-01
3.005655407905578613e-01 6.249510049819946289e-01
4.776856601238250732e-01 4.981761574745178223e-01
3.019893467426300049e-01 6.056679487228393555e-01
3.004999458789825439e-01 5.942605733871459961e-01
3.304952979087829590e-01 6.123368144035339355e-01
5.194870233535766602e-01 5.048826932907104492e-01
4.938591122627258301e-01 8.436367511749267578e-01
6.111446619033813477e-01 5.093484520912170410e-01
5.594778656959533691e-01 8.483549356460571289e-01
6.475714445114135742e-01 5.227730870246887207e-01
