4.057428836822509766e-01 4.841851890087127686e-01
3.944696187973022461e-01 4.795672595500946045e-01
4.003294110298156738e-01 4.741787910461425781e-01
4.088374078273773193e-01 4.767368733882904053e-01
4.217630624771118164e-01 4.614281654357910156e-01
4.551427960395812988e-01 5.029690265655517578e-01
4.959213435649871826e-01 4.647183120250701904e-01
5.636748075485229492e-01 5.370328426361083984e-01
6.105032563209533691e-01 4.325741529464721680e-01
4.134409427642822266e-01 5.217431187629699707e-01
6.386082172393798828e-01 4.313901364803314209e-01
6.445788145065307617e-01 5.462185144424438477e-01
6.575904488563537598e-01 5.072599649429321289e-01
7.829119563102722168e-01 5.740900039672851562e-01
7.887353897094726562e-01 4.911087155342102051e-01
9.158968329429626465e-01 5.655099749565124512e-01
9.031093120574951172e-01 4.200659990310668945e-01
