4.426557719707489014e-01 4.716014862060546875e-01
4.365210235118865967e-01 4.783152341842651367e-01
4.326615929603576660e-01 4.658758640289306641e-01
4.405230879783630371e-01 4.896331429481506348e-01
4.391762018203735352e-01 4.561745524406433105e-01
4.845894575119018555e-01 5.072439908981323242e-01
4.793532490730285645e-01 4.409275054931640625e-01
5.398241877555847168e-01 5.200634002685546875e-01
5.403636097908020020e-01 4.347457289695739746e-01
5.946229696273803711e-01 5.151000022888183594e-01
5.941964387893676758e-01 4.619921147823333740e-01
5.871496796607971191e-01 4.963650405406951904e-01
5.907666683197021484e-01 4.569618105888366699e-01
6.908792257308959961e-01 5.015833973884582520e-01
6.940217018127441406e-01 4.472349584102630615e-01
7.324272990226745605e-01 5.039462447166442871e-01
7.597277164459228516e-01 4.605058431625366211e-01
