3.448418974876403809e-01 4.875169694423675537e-01
3.411470055580139160e-01 4.966286420822143555e-01
3.379453122615814209e-01 4.821662604808807373e-01
3.456377983093261719e-01 5.105359554290771484e-01
3.426696658134460449e-01 4.720899462699890137e-01
4.133280217647552490e-01 5.336152315139770508e-01
3.979151248931884766e-01 4.519121050834655762e-01
4.717917144298553467e-01 5.683017969131469727e-01
4.126126468181610107e-01 4.027714431285858154e-01
4.355107247829437256e-01 5.559630393981933594e-01
3.637996613979339600e-01 3.809852302074432373e-01
5.534824132919311523e-01 4.983134865760803223e-01
5.547655820846557617e-01 4.576838016510009766e-01
7.011529207229614258e-01 4.900408983230590820e-01
7.013322114944458008e-01 4.632681310176849365e-01
8.295588493347167969e-01 4.908082187175750732e-01
8.370804190635681152e-01 4.648185372352600098e-01
