4.421912133693695068e-01 5.256890654563903809e-01
4.367184042930603027e-01 5.206867456436157227e-01
4.391710758209228516e-01 5.249203443527221680e-01
4.406774640083312988e-01 5.154922008514404297e-01
4.449852705001831055e-01 5.234029293060302734e-01
4.886839985847473145e-01 5.014165639877319336e-01
5.043805837631225586e-01 5.332911610603332520e-01
5.677329301834106445e-01 4.888573288917541504e-01
5.804859399795532227e-01 5.276587605476379395e-01
5.864698886871337891e-01 5.189095735549926758e-01
6.042851209640502930e-01 5.267795324325561523e-01
6.412285566329956055e-01 4.846751391887664795e-01
6.399077177047729492e-01 5.181174874305725098e-01
7.051472067832946777e-01 4.911517798900604248e-01
6.947810649871826172e-01 5.234727859497070312e-01
7.648028135299682617e-01 5.115094184875488281e-01
7.683076262474060059e-01 5.172269344329833984e-01
