3.542504310607910156e-01 5.736715197563171387e-01
3.396936357021331787e-01 5.559735298156738281e-01
3.474558293819427490e-01 5.735467672348022461e-01
3.490544259548187256e-01 5.234081149101257324e-01
3.570674657821655273e-01 5.452879667282104492e-01
4.089330136775970459e-01 4.903963506221771240e-01
4.156206846237182617e-01 5.390507578849792480e-01
4.563629627227783203e-01 5.932149291038513184e-01
4.588158726692199707e-01 6.296784281730651855e-01
4.599009752273559570e-01 6.626578569412231445e-01
4.847729802131652832e-01 6.701499819755554199e-01
5.992096662521362305e-01 4.858990311622619629e-01
6.029040217399597168e-01 5.276428461074829102e-01
7.615544199943542480e-01 4.832303524017333984e-01
7.594789266586303711e-01 5.586867332458496094e-01
9.188752174377441406e-01 4.621911942958831787e-01
9.135984778404235840e-01 5.723055601119995117e-01
