3.331127762794494629e-01 5.609490871429443359e-01
3.168030083179473877e-01 5.469365119934082031e-01
3.189490437507629395e-01 5.546359419822692871e-01
3.270344436168670654e-01 5.266400575637817383e-01
3.340559005737304688e-01 5.485906600952148438e-01
3.827905654907226562e-01 5.033239126205444336e-01
3.939729928970336914e-01 5.521537065505981445e-01
4.574690461158752441e-01 6.016584634780883789e-01
4.678650498390197754e-01 6.268968582153320312e-01
4.493439197540283203e-01 6.357614994049072266e-01
5.226408243179321289e-01 6.716367006301879883e-01
5.790389180183410645e-01 4.888089895248413086e-01
5.851469039916992188e-01 5.368258953094482422e-01
7.445892691612243652e-01 4.854736030101776123e-01
7.390245199203491211e-01 5.648498535156250000e-01
9.019585847854614258e-01 4.511953294277191162e-01
8.992990255355834961e-01 5.764768719673156738e-01
