5.238091945648193359e-01 6.123443245887756348e-01
5.201411247253417969e-01 6.104596853256225586e-01
5.251759886741638184e-01 6.092798709869384766e-01
5.306349992752075195e-01 6.122260689735412598e-01
5.235115289688110352e-01 6.150335073471069336e-01
5.436398983001708984e-01 6.076817512512207031e-01
5.437530875205993652e-01 6.107688546180725098e-01
5.767658352851867676e-01 6.108499765396118164e-01
5.715054869651794434e-01 6.093551516532897949e-01
6.175298690795898438e-01 6.182479858398437500e-01
6.198812127113342285e-01 6.187995672225952148e-01
6.035940647125244141e-01 6.162506937980651855e-01
6.053838133811950684e-01 6.146667003631591797e-01
6.494019031524658203e-01 6.210018396377563477e-01
6.500825285911560059e-01 6.118034124374389648e-01
7.075145244598388672e-01 6.267930269241333008e-01
7.052909731864929199e-01 6.244013905525207520e-01
