2.871831357479095459e-01 4.378089904785156250e-01
2.804533243179321289e-01 4.315887689590454102e-01
2.833433747291564941e-01 4.401209950447082520e-01
2.841115295886993408e-01 4.122365713119506836e-01
2.949613332748413086e-01 4.258712232112884521e-01
3.438141047954559326e-01 4.088033139705657959e-01
3.559212088584899902e-01 4.063943326473236084e-01
4.313211143016815186e-01 4.260492324829101562e-01
4.387628734111785889e-01 4.221650362014770508e-01
3.543066680431365967e-01 4.960541725158691406e-01
5.062603950500488281e-01 4.687607288360595703e-01
5.386418700218200684e-01 4.190258681774139404e-01
5.443862676620483398e-01 4.143392741680145264e-01
6.911442279815673828e-01 4.322510361671447754e-01
6.916217207908630371e-01 4.305714964866638184e-01
8.144578337669372559e-01 4.523713290691375732e-01
8.161339759826660156e-01 4.509708881378173828e-01
