4.729161858558654785e-01 4.853652119636535645e-01
4.656040668487548828e-01 4.869192838668823242e-01
4.653875231742858887e-01 4.801526963710784912e-01
4.692477583885192871e-01 5.009958744049072266e-01
4.712469279766082764e-01 4.726448059082031250e-01
5.129352807998657227e-01 5.186678767204284668e-01
5.291863679885864258e-01 4.284693598747253418e-01
5.860251188278198242e-01 5.401536226272583008e-01
6.056625843048095703e-01 4.073266983032226562e-01
6.338398456573486328e-01 5.499199628829956055e-01
6.341629624366760254e-01 4.107079207897186279e-01
6.569520235061645508e-01 4.838981628417968750e-01
6.603832244873046875e-01 4.298555254936218262e-01
7.657172679901123047e-01 4.681891202926635742e-01
7.756384611129760742e-01 4.196166396141052246e-01
8.387603759765625000e-01 4.722710549831390381e-01
9.051384329795837402e-01 3.682306408882141113e-01
