3.903073668479919434e-01 4.676785171031951904e-01
3.826941847801208496e-01 4.649749994277954102e-01
3.846181631088256836e-01 4.658181071281433105e-01
3.862039744853973389e-01 4.654236435890197754e-01
3.893486261367797852e-01 4.648125171661376953e-01
4.392793178558349609e-01 4.702424407005310059e-01
4.417945146560668945e-01 4.653007686138153076e-01
5.290145277976989746e-01 4.809556007385253906e-01
5.296229124069213867e-01 4.683813750743865967e-01
5.754181146621704102e-01 5.257737636566162109e-01
5.798820853233337402e-01 4.896897673606872559e-01
5.958014726638793945e-01 4.698238074779510498e-01
5.964720249176025391e-01 4.639868736267089844e-01
7.283610701560974121e-01 4.643454253673553467e-01
7.341736555099487305e-01 4.641673266887664795e-01
8.604614734649658203e-01 4.319828748703002930e-01
8.672489523887634277e-01 4.395081698894500732e-01
