3.985103964805603027e-01 5.375674962997436523e-01
3.905881047248840332e-01 5.411170125007629395e-01
3.913945853710174561e-01 5.235505700111389160e-01
3.951270282268524170e-01 5.475568771362304688e-01
3.973988294601440430e-01 5.139093399047851562e-01
4.615962505340576172e-01 5.480893850326538086e-01
4.450348019599914551e-01 5.059789419174194336e-01
5.480609536170959473e-01 5.617596507072448730e-01
5.421277284622192383e-01 4.874908924102783203e-01
6.003526449203491211e-01 5.653747320175170898e-01
4.273625612258911133e-01 5.183467864990234375e-01
5.972481966018676758e-01 5.170960426330566406e-01
5.970990657806396484e-01 4.715592265129089355e-01
7.066823840141296387e-01 5.178254246711730957e-01
7.104450464248657227e-01 4.453179538249969482e-01
8.182801008224487305e-01 5.287020206451416016e-01
8.197762370109558105e-01 4.202592968940734863e-01
