4.055042266845703125e-01 4.780964851379394531e-01
3.958941102027893066e-01 4.794134497642517090e-01
4.030385911464691162e-01 4.709374308586120605e-01
4.111318588256835938e-01 4.700195491313934326e-01
4.247276186943054199e-01 4.544940888881683350e-01
4.520509839057922363e-01 4.996312558650970459e-01
4.896073043346405029e-01 4.555779397487640381e-01
3.763650059700012207e-01 5.223048329353332520e-01
5.975913405418395996e-01 4.315106272697448730e-01
3.590189218521118164e-01 5.178921818733215332e-01
6.483795642852783203e-01 4.322082996368408203e-01
6.465306282043457031e-01 5.367085933685302734e-01
6.565566658973693848e-01 5.040082931518554688e-01
7.839303016662597656e-01 5.685240030288696289e-01
7.889034152030944824e-01 4.750508964061737061e-01
9.266023039817810059e-01 5.673639178276062012e-01
9.088460803031921387e-01 4.164543747901916504e-01
