4.823079109191894531e-01 5.575162768363952637e-01
4.783202111721038818e-01 5.576140284538269043e-01
4.796966910362243652e-01 5.576294660568237305e-01
4.818088710308074951e-01 5.728391408920288086e-01
4.843301773071289062e-01 5.728403925895690918e-01
5.098590254783630371e-01 6.002241969108581543e-01
5.139126181602478027e-01 5.860458612442016602e-01
5.476503372192382812e-01 6.287084817886352539e-01
5.447094440460205078e-01 6.037182807922363281e-01
5.568856000900268555e-01 6.236921548843383789e-01
5.638023018836975098e-01 6.048529148101806641e-01
5.987118482589721680e-01 6.333373188972473145e-01
5.979036092758178711e-01 6.201016306877136230e-01
6.628981828689575195e-01 6.309306621551513672e-01
6.630969047546386719e-01 6.275430917739868164e-01
7.539787292480468750e-01 6.435601711273193359e-01
7.516416311264038086e-01 6.456587314605712891e-01
