4.376522302627563477e-01 5.229187011718750000e-01
4.295213222503662109e-01 5.286477804183959961e-01
4.304421544075012207e-01 5.165055394172668457e-01
4.343738555908203125e-01 5.297048091888427734e-01
4.336578547954559326e-01 5.053445100784301758e-01
4.805706441402435303e-01 5.310012698173522949e-01
4.757251739501953125e-01 4.956344366073608398e-01
5.429539680480957031e-01 5.345910787582397461e-01
5.402350425720214844e-01 4.845215678215026855e-01
6.173714399337768555e-01 5.334916114807128906e-01
6.305051445960998535e-01 4.919704794883728027e-01
6.181228756904602051e-01 5.130664110183715820e-01
6.338494420051574707e-01 4.708321988582611084e-01
7.281825542449951172e-01 5.081211924552917480e-01
7.478933334350585938e-01 4.563915431499481201e-01
8.093650341033935547e-01 5.191838741302490234e-01
8.082410693168640137e-01 4.661821722984313965e-01
