4.001876711845397949e-01 5.558982491493225098e-01
3.924430310726165771e-01 5.596393346786499023e-01
3.917967677116394043e-01 5.434724688529968262e-01
4.026486873626708984e-01 5.643242597579956055e-01
4.018728733062744141e-01 5.259253978729248047e-01
4.473714828491210938e-01 5.738340616226196289e-01
4.556527733802795410e-01 5.059219598770141602e-01
4.456892907619476318e-01 6.077529788017272949e-01
5.095876455307006836e-01 4.730636775493621826e-01
4.056017100811004639e-01 6.463390588760375977e-01
4.969376921653747559e-01 4.612259268760681152e-01
6.108658313751220703e-01 5.676325559616088867e-01
6.162254810333251953e-01 5.250152349472045898e-01
7.265922427177429199e-01 5.828536748886108398e-01
7.336733341217041016e-01 5.166497230529785156e-01
8.466121554374694824e-01 5.930954813957214355e-01
8.543331623077392578e-01 5.160697698593139648e-01
