5.118905305862426758e-01 5.686770677566528320e-01
5.046584606170654297e-01 5.675492882728576660e-01
5.057516098022460938e-01 5.724260807037353516e-01
5.112124681472778320e-01 5.749509930610656738e-01
5.108148455619812012e-01 5.826473832130432129e-01
5.456939339637756348e-01 5.743170976638793945e-01
5.376998186111450195e-01 5.893381237983703613e-01
5.676180720329284668e-01 5.804501771926879883e-01
5.644003152847290039e-01 6.011117100715637207e-01
5.525166988372802734e-01 5.849053859710693359e-01
5.391726493835449219e-01 5.941968560218811035e-01
6.295825839042663574e-01 5.744928121566772461e-01
6.265431046485900879e-01 5.887351036071777344e-01
7.040914297103881836e-01 5.603570342063903809e-01
7.064621448516845703e-01 5.845516324043273926e-01
7.850097417831420898e-01 5.768047571182250977e-01
7.815821170806884766e-01 5.993001461029052734e-01
