4.652412533760070801e-01 5.290311574935913086e-01
4.478591680526733398e-01 5.282531976699829102e-01
4.489740133285522461e-01 5.290702581405639648e-01
4.522572457790374756e-01 5.230925083160400391e-01
4.534412622451782227e-01 5.258681774139404297e-01
4.990698695182800293e-01 5.102134943008422852e-01
5.010117888450622559e-01 5.238449573516845703e-01
5.845023393630981445e-01 4.940387606620788574e-01
5.823070406913757324e-01 5.200188159942626953e-01
6.334818005561828613e-01 5.137515068054199219e-01
6.243197917938232422e-01 5.194987058639526367e-01
6.531605720520019531e-01 4.939535260200500488e-01
6.531590223312377930e-01 5.025342106819152832e-01
7.431391477584838867e-01 5.069835186004638672e-01
7.471904754638671875e-01 5.122620463371276855e-01
8.501653671264648438e-01 5.152961015701293945e-01
8.515679240226745605e-01 5.143329501152038574e-01
