4.945619702339172363e-01 5.437102913856506348e-01
4.904106855392456055e-01 5.518780946731567383e-01
4.900947213172912598e-01 5.402868390083312988e-01
4.957295060157775879e-01 5.614150762557983398e-01
4.928685426712036133e-01 5.380903482437133789e-01
5.208152532577514648e-01 5.800973176956176758e-01
5.240271091461181641e-01 5.275771021842956543e-01
5.639971494674682617e-01 5.905136466026306152e-01
5.559517741203308105e-01 5.185086727142333984e-01
5.972743630409240723e-01 5.799460411071777344e-01
5.779571533203125000e-01 5.020937323570251465e-01
6.066848039627075195e-01 5.844986438751220703e-01
6.033711433410644531e-01 5.481237769126892090e-01
6.647281050682067871e-01 5.824208259582519531e-01
6.597945094108581543e-01 5.508521795272827148e-01
7.275706529617309570e-01 5.929030776023864746e-01
7.262319326400756836e-01 5.668935775756835938e-01
