3.130113184452056885e-01 4.975532293319702148e-01
2.918225526809692383e-01 4.989831149578094482e-01
3.023079037666320801e-01 4.978013932704925537e-01
3.104981780052185059e-01 4.840713441371917725e-01
2.894396185874938965e-01 4.763330221176147461e-01
3.578382432460784912e-01 4.551825523376464844e-01
3.294343650341033936e-01 4.432663917541503906e-01
4.355962872505187988e-01 4.377472400665283203e-01
3.368152976036071777e-01 4.408981204032897949e-01
5.089666247367858887e-01 4.763783812522888184e-01
3.261760175228118896e-01 5.079902410507202148e-01
5.134031772613525391e-01 4.191467463970184326e-01
5.044721364974975586e-01 4.060186147689819336e-01
6.550735831260681152e-01 4.028397500514984131e-01
6.496329307556152344e-01 3.881339430809020996e-01
7.775686979293823242e-01 3.760889172554016113e-01
7.863883376121520996e-01 3.354721963405609131e-01
