3.930668234825134277e-01 5.535894632339477539e-01
3.579027354717254639e-01 4.963722825050354004e-01
3.586313724517822266e-01 4.913580417633056641e-01
3.514672219753265381e-01 5.323896408081054688e-01
3.569893240928649902e-01 4.874604940414428711e-01
4.089984297752380371e-01 5.397796630859375000e-01
3.964519202709197998e-01 4.624563157558441162e-01
4.742716252803802490e-01 5.266358852386474609e-01
4.800165295600891113e-01 4.671503305435180664e-01
4.911878705024719238e-01 5.399836301803588867e-01
5.146495103836059570e-01 4.782088994979858398e-01
5.155453085899353027e-01 4.972790181636810303e-01
5.191745162010192871e-01 4.777755141258239746e-01
5.827989578247070312e-01 5.045664310455322266e-01
5.896923542022705078e-01 4.930999279022216797e-01
6.410040855407714844e-01 5.092601776123046875e-01
6.696372032165527344e-01 5.071266889572143555e-01
