3.463776707649230957e-01 5.746651887893676758e-01
3.344944119453430176e-01 5.684810876846313477e-01
3.375405669212341309e-01 5.762237906455993652e-01
3.372262716293334961e-01 5.276954174041748047e-01
3.438134193420410156e-01 5.517222285270690918e-01
3.998823761940002441e-01 4.887495934963226318e-01
4.113340973854064941e-01 5.415577292442321777e-01
4.606804251670837402e-01 5.787307024002075195e-01
4.674641489982604980e-01 6.236554384231567383e-01
4.626529216766357422e-01 6.319174170494079590e-01
4.959831237792968750e-01 6.659367084503173828e-01
5.975166559219360352e-01 4.768586158752441406e-01
6.046388745307922363e-01 5.227261781692504883e-01
7.569841742515563965e-01 4.637402892112731934e-01
7.644400596618652344e-01 5.490487813949584961e-01
9.120956659317016602e-01 4.286102056503295898e-01
9.375011324882507324e-01 5.572670698165893555e-01
