4.456046819686889648e-01 4.792953729629516602e-01
4.401062130928039551e-01 4.786490201950073242e-01
4.373902082443237305e-01 4.726555347442626953e-01
4.456751942634582520e-01 4.864262342453002930e-01
4.422801136970520020e-01 4.583349227905273438e-01
4.964677691459655762e-01 4.959219694137573242e-01
4.987308382987976074e-01 4.371549487113952637e-01
5.544853806495666504e-01 5.051977038383483887e-01
5.617914795875549316e-01 4.237352609634399414e-01
6.152500510215759277e-01 5.011605620384216309e-01
6.178557276725769043e-01 4.323578476905822754e-01
6.169114112854003906e-01 4.802156686782836914e-01
6.174260377883911133e-01 4.387642145156860352e-01
7.239319086074829102e-01 4.841511845588684082e-01
7.218116521835327148e-01 4.392088651657104492e-01
8.151574134826660156e-01 4.735592305660247803e-01
8.168407678604125977e-01 4.500630795955657959e-01
