5.346091985702514648e-01 6.176844239234924316e-01
5.286959409713745117e-01 6.149162054061889648e-01
5.310618281364440918e-01 6.237732172012329102e-01
5.257791280746459961e-01 6.018402576446533203e-01
5.301017761230468750e-01 6.264181137084960938e-01
5.500899553298950195e-01 5.817742943763732910e-01
5.544182062149047852e-01 6.182917356491088867e-01
5.986598134040832520e-01 5.676072239875793457e-01
5.839427113533020020e-01 6.181704998016357422e-01
6.385388374328613281e-01 5.682556629180908203e-01
5.987759828567504883e-01 6.172353029251098633e-01
6.301246881484985352e-01 5.710467696189880371e-01
6.301188468933105469e-01 6.001811027526855469e-01
6.982333660125732422e-01 5.702390670776367188e-01
6.990216970443725586e-01 5.865270495414733887e-01
7.631753683090209961e-01 5.759768486022949219e-01
7.712669372558593750e-01 5.925803184509277344e-01
