4.770286679267883301e-01 5.966070890426635742e-01
4.705915153026580811e-01 5.908522605895996094e-01
4.725849628448486328e-01 5.975346565246582031e-01
4.691705703735351562e-01 5.876891613006591797e-01
4.692589938640594482e-01 6.065414547920227051e-01
4.944009780883789062e-01 5.918537378311157227e-01
4.983291327953338623e-01 6.150667071342468262e-01
5.398355722427368164e-01 5.904350280761718750e-01
5.580329895019531250e-01 6.319811344146728516e-01
5.628596544265747070e-01 5.927455425262451172e-01
5.787298679351806641e-01 6.323009729385375977e-01
5.933998227119445801e-01 6.173645257949829102e-01
5.937137603759765625e-01 6.274064779281616211e-01
6.552457809448242188e-01 6.237976551055908203e-01
6.598792076110839844e-01 6.341550350189208984e-01
7.387658953666687012e-01 6.359204053878784180e-01
7.384963035583496094e-01 6.389800310134887695e-01
