4.155623614788055420e-01 5.236774682998657227e-01
3.975564241409301758e-01 5.259799957275390625e-01
4.097986817359924316e-01 5.195265412330627441e-01
4.146811664104461670e-01 5.311023592948913574e-01
4.172140359878540039e-01 5.107238292694091797e-01
4.780100584030151367e-01 5.319433808326721191e-01
4.778067767620086670e-01 5.038776397705078125e-01
5.459476709365844727e-01 5.310499668121337891e-01
5.446096658706665039e-01 4.955473840236663818e-01
5.553324222564697266e-01 5.308642387390136719e-01
5.944120883941650391e-01 5.089777708053588867e-01
6.198852658271789551e-01 5.170460343360900879e-01
6.245909929275512695e-01 4.920623004436492920e-01
7.169564962387084961e-01 5.156349539756774902e-01
7.130073308944702148e-01 4.916562736034393311e-01
7.536904811859130859e-01 5.182306170463562012e-01
7.556309103965759277e-01 5.106000304222106934e-01
