4.415087699890136719e-01 4.753296375274658203e-01
4.356056153774261475e-01 4.848176836967468262e-01
4.325863718986511230e-01 4.692039191722869873e-01
4.433056116104125977e-01 4.956940412521362305e-01
4.403865039348602295e-01 4.601358175277709961e-01
4.926163852214813232e-01 5.120140314102172852e-01
4.916743040084838867e-01 4.379138648509979248e-01
5.490747690200805664e-01 5.166034102439880371e-01
5.579662322998046875e-01 4.360294342041015625e-01
6.044856309890747070e-01 5.091090798377990723e-01
6.110916733741760254e-01 4.392678141593933105e-01
6.078723073005676270e-01 4.896540045738220215e-01
6.104900836944580078e-01 4.429699778556823730e-01
7.109653353691101074e-01 4.933943748474121094e-01
7.067653536796569824e-01 4.342970848083496094e-01
8.080991506576538086e-01 4.741313457489013672e-01
8.100909590721130371e-01 4.430103898048400879e-01
