2.785013318061828613e-01 4.596746861934661865e-01
2.681250870227813721e-01 4.595649838447570801e-01
2.695690989494323730e-01 4.541332721710205078e-01
2.718077898025512695e-01 4.453288316726684570e-01
2.750976383686065674e-01 4.351606965065002441e-01
3.263614177703857422e-01 4.297958314418792725e-01
3.326772451400756836e-01 4.158785045146942139e-01
3.975496888160705566e-01 4.288890957832336426e-01
4.182767868041992188e-01 4.207635819911956787e-01
3.280580639839172363e-01 5.074419379234313965e-01
4.886426627635955811e-01 4.536994397640228271e-01
5.120344758033752441e-01 4.215911328792572021e-01
5.134023427963256836e-01 4.148716628551483154e-01
6.650595068931579590e-01 4.230490326881408691e-01
6.662682294845581055e-01 4.129720628261566162e-01
7.934359312057495117e-01 4.236540198326110840e-01
8.156285285949707031e-01 3.704304397106170654e-01
