3.975985646247863770e-01 5.435182452201843262e-01
3.804060220718383789e-01 5.449781417846679688e-01
3.921993672847747803e-01 5.284885168075561523e-01
3.928164243698120117e-01 5.513160228729248047e-01
3.966860175132751465e-01 5.147852301597595215e-01
4.563217163085937500e-01 5.589317083358764648e-01
4.556903243064880371e-01 5.008553266525268555e-01
5.474615693092346191e-01 5.587839484214782715e-01
5.506271123886108398e-01 4.894685447216033936e-01
5.955621600151062012e-01 5.773128271102905273e-01
6.017194390296936035e-01 5.345048308372497559e-01
6.149996519088745117e-01 5.305331349372863770e-01
6.145596504211425781e-01 4.818836450576782227e-01
7.210525274276733398e-01 5.437959432601928711e-01
7.211763858795166016e-01 4.587162733078002930e-01
8.460956811904907227e-01 5.650128722190856934e-01
8.395822048187255859e-01 4.385548830032348633e-01
