3.107508122920989990e-01 4.831749200820922852e-01
3.001579642295837402e-01 4.832374453544616699e-01
2.988010346889495850e-01 4.630672931671142578e-01
3.003122508525848389e-01 5.031177997589111328e-01
2.974742054939270020e-01 4.589381217956542969e-01
3.461895585060119629e-01 5.180262327194213867e-01
3.372493982315063477e-01 4.675686955451965332e-01
4.410499930381774902e-01 5.458117127418518066e-01
4.442382454872131348e-01 4.691793322563171387e-01
5.087850689888000488e-01 5.782172679901123047e-01
4.779831767082214355e-01 4.846279025077819824e-01
5.171411037445068359e-01 4.951273798942565918e-01
5.148253440856933594e-01 4.585615396499633789e-01
6.633962392807006836e-01 4.723393917083740234e-01
6.632843017578125000e-01 4.402227997779846191e-01
8.014592528343200684e-01 4.652348160743713379e-01
8.096508383750915527e-01 4.194338023662567139e-01
