4.930917024612426758e-01 5.652568340301513672e-01
4.893082082271575928e-01 5.599761605262756348e-01
4.910783767700195312e-01 5.706809759140014648e-01
4.929316639900207520e-01 5.529441833496093750e-01
4.954850375652313232e-01 5.720349550247192383e-01
5.161072015762329102e-01 5.467002391815185547e-01
5.225646495819091797e-01 5.737280845642089844e-01
5.457097291946411133e-01 5.471575260162353516e-01
5.531193614006042480e-01 5.775769352912902832e-01
5.731295347213745117e-01 5.571818351745605469e-01
5.815557837486267090e-01 5.701531171798706055e-01
5.918390750885009766e-01 5.550823211669921875e-01
5.922338962554931641e-01 5.723531842231750488e-01
6.454247236251831055e-01 5.527409911155700684e-01
6.481737494468688965e-01 5.674443244934082031e-01
7.215615510940551758e-01 5.511509180068969727e-01
7.284108996391296387e-01 5.597614645957946777e-01
