4.763737916946411133e-01 5.759400129318237305e-01
4.742606580257415771e-01 5.732367634773254395e-01
4.737125039100646973e-01 5.781240463256835938e-01
4.772273302078247070e-01 5.764609575271606445e-01
4.756272733211517334e-01 5.922213792800903320e-01
5.033727288246154785e-01 5.709506273269653320e-01
5.076906681060791016e-01 6.020586490631103516e-01
5.493785738945007324e-01 5.600672364234924316e-01
5.558678507804870605e-01 5.972154140472412109e-01
5.670200586318969727e-01 5.560116171836853027e-01
5.762572288513183594e-01 6.055073738098144531e-01
6.022838950157165527e-01 5.757861137390136719e-01
5.969898700714111328e-01 5.973998904228210449e-01
6.817957758903503418e-01 5.725710391998291016e-01
6.845042109489440918e-01 5.874450206756591797e-01
7.645719051361083984e-01 5.878598093986511230e-01
7.671029567718505859e-01 5.931257009506225586e-01
