4.087696075439453125e-01 4.506983458995819092e-01
3.962827920913696289e-01 4.527014195919036865e-01
4.034090638160705566e-01 4.394262731075286865e-01
4.113778471946716309e-01 4.572654366493225098e-01
4.237681031227111816e-01 4.348990321159362793e-01
4.564467370510101318e-01 4.973692893981933594e-01
5.047398805618286133e-01 4.620099663734436035e-01
3.835692107677459717e-01 5.080524086952209473e-01
6.029248833656311035e-01 4.567304551601409912e-01
3.939792811870574951e-01 4.924317300319671631e-01
6.352251768112182617e-01 4.327313601970672607e-01
6.305497288703918457e-01 5.779601335525512695e-01
6.444226503372192383e-01 5.343904495239257812e-01
7.783864736557006836e-01 6.131355762481689453e-01
7.908973693847656250e-01 5.140590667724609375e-01
9.337403774261474609e-01 6.354828476905822754e-01
9.102151393890380859e-01 4.744624495506286621e-01
