4.115236997604370117e-01 4.339194893836975098e-01
4.038092792034149170e-01 4.392376840114593506e-01
4.048954844474792480e-01 4.296210706233978271e-01
4.119682013988494873e-01 4.574448466300964355e-01
4.083424508571624756e-01 4.285188913345336914e-01
4.646893739700317383e-01 4.718618392944335938e-01
4.772959351539611816e-01 4.313712716102600098e-01
5.542219877243041992e-01 4.924824833869934082e-01
5.537340641021728516e-01 4.233069419860839844e-01
5.819981694221496582e-01 5.773282051086425781e-01
5.140733718872070312e-01 4.002819061279296875e-01
6.353888511657714844e-01 4.820879101753234863e-01
6.384656429290771484e-01 4.499236345291137695e-01
7.675594687461853027e-01 4.783844649791717529e-01
7.775542140007019043e-01 4.679627120494842529e-01
8.844026923179626465e-01 4.228609204292297363e-01
8.886346220970153809e-01 4.422183036804199219e-01
