5.783481001853942871e-01 8.428077101707458496e-01
5.741151571273803711e-01 8.414378166198730469e-01
5.754613876342773438e-01 8.439856767654418945e-01
5.739337205886840820e-01 8.404793143272399902e-01
5.749884247779846191e-01 8.461841344833374023e-01
5.916260480880737305e-01 8.384392261505126953e-01
5.907980203628540039e-01 8.596348762512207031e-01
6.127784252166748047e-01 8.431440591812133789e-01
6.102844476699829102e-01 8.589031100273132324e-01
6.374810934066772461e-01 8.441290855407714844e-01
6.318238973617553711e-01 8.625347614288330078e-01
6.389870047569274902e-01 8.531978130340576172e-01
6.396942138671875000e-01 8.618342280387878418e-01
6.669485569000244141e-01 8.603447675704956055e-01
6.674396395683288574e-01 8.636498451232910156e-01
7.105809450149536133e-01 8.557645678520202637e-01
7.120904326438903809e-01 8.602083921432495117e-01
