4.004815816879272461e-01 5.554984807968139648e-01
3.896702229976654053e-01 5.610901713371276855e-01
3.884991407394409180e-01 5.449357032775878906e-01
3.966954350471496582e-01 5.696873068809509277e-01
3.915955424308776855e-01 5.329247713088989258e-01
4.450355172157287598e-01 5.802580118179321289e-01
4.487693905830383301e-01 5.152536630630493164e-01
5.060591101646423340e-01 5.882096290588378906e-01
5.164573192596435547e-01 5.037631988525390625e-01
5.197483301162719727e-01 6.207063198089599609e-01
5.366084575653076172e-01 4.788525104522705078e-01
6.060091257095336914e-01 5.558655261993408203e-01
6.085374951362609863e-01 5.236220359802246094e-01
7.194275259971618652e-01 5.511021018028259277e-01
7.211090922355651855e-01 5.432862043380737305e-01
8.491538763046264648e-01 5.532407164573669434e-01
8.532301783561706543e-01 5.397557020187377930e-01
