4.116247296333312988e-01 5.726941227912902832e-01
4.034572839736938477e-01 5.783925056457519531e-01
3.987527489662170410e-01 5.620468854904174805e-01
4.096948504447937012e-01 5.874941945075988770e-01
4.045057296752929688e-01 5.475693941116333008e-01
4.600853621959686279e-01 5.923702716827392578e-01
4.510989785194396973e-01 5.223222374916076660e-01
5.285945534706115723e-01 5.919198393821716309e-01
5.248204469680786133e-01 5.003446936607360840e-01
5.401415824890136719e-01 6.236569881439208984e-01
5.709097981452941895e-01 4.811964035034179688e-01
6.061108112335205078e-01 5.390269756317138672e-01
6.089491844177246094e-01 5.032963156700134277e-01
7.239903807640075684e-01 5.269358158111572266e-01
7.204761505126953125e-01 4.903090894222259521e-01
8.413083553314208984e-01 5.132642388343811035e-01
8.394786119461059570e-01 4.530251026153564453e-01
