5.360690951347351074e-01 6.352178454399108887e-01
5.210422873497009277e-01 6.209909319877624512e-01
5.238096117973327637e-01 6.260658502578735352e-01
5.202344655990600586e-01 6.176234483718872070e-01
5.241877436637878418e-01 6.270245313644409180e-01
5.574781298637390137e-01 6.047199964523315430e-01
5.589420199394226074e-01 6.191697716712951660e-01
5.886615514755249023e-01 5.941198468208312988e-01
5.718024373054504395e-01 6.286979913711547852e-01
6.185790896415710449e-01 5.923300385475158691e-01
5.727335214614868164e-01 6.369996666908264160e-01
6.343032121658325195e-01 5.936081409454345703e-01
6.352305412292480469e-01 6.040863394737243652e-01
6.937619447708129883e-01 5.928427577018737793e-01
6.999311447143554688e-01 5.944579839706420898e-01
7.524788379669189453e-01 5.952649116516113281e-01
7.592377066612243652e-01 5.983959436416625977e-01
