3.085847496986389160e-01 4.428485333919525146e-01
2.991917431354522705e-01 4.493305683135986328e-01
2.999032139778137207e-01 4.355508685111999512e-01
3.010322451591491699e-01 4.816077351570129395e-01
2.976337969303131104e-01 4.382755756378173828e-01
3.653069734573364258e-01 5.061858296394348145e-01
3.408370018005371094e-01 4.412617385387420654e-01
4.473426342010498047e-01 4.925520122051239014e-01
4.473009705543518066e-01 4.555886983871459961e-01
4.406401515007019043e-01 4.968007504940032959e-01
4.041487872600555420e-01 4.362072944641113281e-01
5.173142552375793457e-01 4.841704368591308594e-01
5.201624631881713867e-01 4.548448920249938965e-01
6.492590308189392090e-01 4.453831911087036133e-01
6.490774154663085938e-01 4.278826415538787842e-01
7.957137823104858398e-01 4.252693355083465576e-01
7.918350696563720703e-01 3.879672884941101074e-01
