4.955854415893554688e-01 4.938523173332214355e-01
4.875335395336151123e-01 4.939622282981872559e-01
4.901821315288543701e-01 4.838469028472900391e-01
5.005246996879577637e-01 5.047044754028320312e-01
5.020334720611572266e-01 4.739876389503479004e-01
5.475416183471679688e-01 5.169681310653686523e-01
5.505741834640502930e-01 4.609760642051696777e-01
4.687214493751525879e-01 5.230034589767456055e-01
4.667213559150695801e-01 4.700458645820617676e-01
4.119345843791961670e-01 5.157292485237121582e-01
3.976701200008392334e-01 4.586901068687438965e-01
7.054967284202575684e-01 5.042771697044372559e-01
7.049443125724792480e-01 4.676930606365203857e-01
8.210008144378662109e-01 4.817236363887786865e-01
8.229972720146179199e-01 4.568066298961639404e-01
9.457280635833740234e-01 4.720153510570526123e-01
9.435273408889770508e-01 4.592555463314056396e-01
