4.608633518218994141e-01 5.016022920608520508e-01
4.511062800884246826e-01 5.135115981101989746e-01
4.492101371288299561e-01 4.964033961296081543e-01
4.599349498748779297e-01 5.221407413482666016e-01
4.540917575359344482e-01 4.854211509227752686e-01
5.176666975021362305e-01 5.306174159049987793e-01
5.112302303314208984e-01 4.658627212047576904e-01
5.977708101272583008e-01 5.241736769676208496e-01
5.826378464698791504e-01 4.439119100570678711e-01
6.510064601898193359e-01 5.134603977203369141e-01
6.322430372238159180e-01 4.315373599529266357e-01
6.363112926483154297e-01 5.020993947982788086e-01
6.298844218254089355e-01 4.617331624031066895e-01
7.456082701683044434e-01 5.048831105232238770e-01
7.414659857749938965e-01 4.553347826004028320e-01
8.732550144195556641e-01 5.098732709884643555e-01
7.960066795349121094e-01 4.199470281600952148e-01
