4.787248373031616211e-01 4.753446578979492188e-01
4.700765013694763184e-01 4.848779141902923584e-01
4.728392958641052246e-01 4.781782031059265137e-01
4.819601774215698242e-01 5.000122785568237305e-01
4.818648993968963623e-01 4.756352603435516357e-01
5.240024328231811523e-01 5.178804397583007812e-01
5.330587625503540039e-01 4.682321548461914062e-01
4.842271506786346436e-01 5.039596557617187500e-01
5.106873512268066406e-01 4.516187906265258789e-01
4.166540801525115967e-01 5.167450904846191406e-01
4.947355687618255615e-01 4.024045169353485107e-01
6.913106441497802734e-01 4.967045485973358154e-01
6.913539767265319824e-01 4.655950665473937988e-01
8.222227096557617188e-01 4.838409423828125000e-01
8.232702612876892090e-01 4.586568772792816162e-01
9.490211009979248047e-01 5.018408298492431641e-01
9.449412226676940918e-01 4.683402478694915771e-01
