4.115034341812133789e-01 6.034528017044067383e-01
4.099509119987487793e-01 6.081922054290771484e-01
4.022971093654632568e-01 5.997353792190551758e-01
4.282035231590270996e-01 6.082819700241088867e-01
4.072448611259460449e-01 5.942873358726501465e-01
4.853432178497314453e-01 5.993405580520629883e-01
4.307843148708343506e-01 5.678834319114685059e-01
5.714976787567138672e-01 6.110076904296875000e-01
3.751602172851562500e-01 5.747142434120178223e-01
5.248520970344543457e-01 6.225029230117797852e-01
2.770416736602783203e-01 6.183068156242370605e-01
5.911875963211059570e-01 5.536057353019714355e-01
5.748691558837890625e-01 5.093693137168884277e-01
7.116967439651489258e-01 5.581654906272888184e-01
7.108945250511169434e-01 5.007695555686950684e-01
8.344516754150390625e-01 5.513124465942382812e-01
8.574497103691101074e-01 4.937483966350555420e-01
