4.067827165126800537e-01 5.988928079605102539e-01
4.018837213516235352e-01 5.970053672790527344e-01
3.927835822105407715e-01 5.893212556838989258e-01
4.146999120712280273e-01 6.020622253417968750e-01
3.994593620300292969e-01 5.805166959762573242e-01
4.776614606380462646e-01 5.971045494079589844e-01
4.249440133571624756e-01 5.593991279602050781e-01
5.571502447128295898e-01 6.111609935760498047e-01
3.553000092506408691e-01 5.534582734107971191e-01
5.353499650955200195e-01 6.142323613166809082e-01
2.590345144271850586e-01 5.692659616470336914e-01
6.005467176437377930e-01 5.515435934066772461e-01
5.827192068099975586e-01 5.080865025520324707e-01
7.080870866775512695e-01 5.456916093826293945e-01
7.089771628379821777e-01 4.949000775814056396e-01
8.406087160110473633e-01 5.347428321838378906e-01
8.524448871612548828e-01 4.960215091705322266e-01
