4.502518773078918457e-01 5.007007122039794922e-01
4.438765645027160645e-01 5.118529796600341797e-01
4.422656893730163574e-01 4.937169551849365234e-01
4.534026384353637695e-01 5.232612490653991699e-01
4.486084580421447754e-01 4.826567769050598145e-01
5.098768472671508789e-01 5.223591923713684082e-01
5.078500509262084961e-01 4.621132016181945801e-01
5.315071344375610352e-01 5.221012830734252930e-01
5.410210490226745605e-01 4.144066274166107178e-01
5.021742582321166992e-01 5.096625685691833496e-01
5.594565868377685547e-01 4.098593592643737793e-01
6.549161076545715332e-01 5.117484927177429199e-01
6.540315151214599609e-01 4.702361822128295898e-01
7.787799835205078125e-01 5.061571598052978516e-01
7.812795042991638184e-01 4.785541296005249023e-01
8.849502801895141602e-01 5.024021863937377930e-01
8.927637934684753418e-01 4.781904220581054688e-01
