4.860521554946899414e-01 4.820640981197357178e-01
4.761486947536468506e-01 4.923893809318542480e-01
4.770398139953613281e-01 4.754493236541748047e-01
4.876457154750823975e-01 4.998303353786468506e-01
4.934996962547302246e-01 4.733997285366058350e-01
5.333390235900878906e-01 5.179901123046875000e-01
5.416612625122070312e-01 4.643709659576416016e-01
4.992559850215911865e-01 5.103123188018798828e-01
5.121207833290100098e-01 4.606774747371673584e-01
4.468957781791687012e-01 5.148749351501464844e-01
4.858755469322204590e-01 4.171096980571746826e-01
6.906958818435668945e-01 5.052143335342407227e-01
6.933242678642272949e-01 4.701417088508605957e-01
8.146621584892272949e-01 5.049244165420532227e-01
8.238646388053894043e-01 4.636357426643371582e-01
9.340688586235046387e-01 5.131981372833251953e-01
9.376561045646667480e-01 4.814471602439880371e-01
