3.786509633064270020e-01 5.732892155647277832e-01
3.702932298183441162e-01 5.751074552536010742e-01
3.705796003341674805e-01 5.661711096763610840e-01
3.796261250972747803e-01 5.763366222381591797e-01
3.773579299449920654e-01 5.628271698951721191e-01
4.313205480575561523e-01 5.874471664428710938e-01
4.145627617835998535e-01 5.497485995292663574e-01
4.855638742446899414e-01 6.099094152450561523e-01
4.430616796016693115e-01 5.743769407272338867e-01
5.223476886749267578e-01 6.338426470756530762e-01
3.393215835094451904e-01 5.564082860946655273e-01
5.591611266136169434e-01 5.663227438926696777e-01
5.574409961700439453e-01 5.390166044235229492e-01
6.804148554801940918e-01 5.902782678604125977e-01
6.818594336509704590e-01 5.653971433639526367e-01
8.002619147300720215e-01 6.096004843711853027e-01
7.880331277847290039e-01 5.645657181739807129e-01
