4.599609375000000000e-01 6.133377552032470703e-01
4.596986174583435059e-01 6.185030937194824219e-01
4.510458111763000488e-01 6.125819087028503418e-01
4.750304818153381348e-01 6.126022934913635254e-01
4.499464929103851318e-01 6.027660965919494629e-01
5.218325257301330566e-01 5.888983607292175293e-01
4.830950498580932617e-01 5.587684512138366699e-01
5.688585638999938965e-01 6.016206145286560059e-01
4.269860684871673584e-01 5.900997519493103027e-01
5.212523937225341797e-01 6.159836053848266602e-01
4.040520787239074707e-01 6.114571690559387207e-01
6.013351678848266602e-01 5.239189863204956055e-01
5.842125415802001953e-01 4.913590848445892334e-01
6.975158452987670898e-01 5.080329179763793945e-01
6.928428411483764648e-01 4.586550891399383545e-01
7.946714758872985840e-01 4.861215054988861084e-01
7.929648756980895996e-01 4.335555434226989746e-01
