4.661490321159362793e-01 5.139794349670410156e-01
4.597657918930053711e-01 5.192036628723144531e-01
4.536621272563934326e-01 5.050268173217773438e-01
4.705402553081512451e-01 5.271264314651489258e-01
4.605527818202972412e-01 4.956392943859100342e-01
5.152105093002319336e-01 5.209045410156250000e-01
5.106009840965270996e-01 4.657871425151824951e-01
5.857902169227600098e-01 5.057679414749145508e-01
5.768966078758239746e-01 4.368456006050109863e-01
5.864903926849365234e-01 5.008368492126464844e-01
5.174171328544616699e-01 4.632080197334289551e-01
6.393571496009826660e-01 4.823188483715057373e-01
6.343261003494262695e-01 4.392434954643249512e-01
7.596708536148071289e-01 4.620787799358367920e-01
7.468619346618652344e-01 4.132888317108154297e-01
8.921803832054138184e-01 4.272985458374023438e-01
8.818730115890502930e-01 4.067017734050750732e-01
