4.993720650672912598e-01 4.961785972118377686e-01
4.909438490867614746e-01 5.016567707061767578e-01
4.923222661018371582e-01 4.908412098884582520e-01
5.053880810737609863e-01 5.167655944824218750e-01
5.076963305473327637e-01 4.810546338558197021e-01
5.502413511276245117e-01 5.269802212715148926e-01
5.636618733406066895e-01 4.757725000381469727e-01
4.741178750991821289e-01 5.221719741821289062e-01
4.969269037246704102e-01 4.625879228115081787e-01
4.323279559612274170e-01 5.214971303939819336e-01
4.315114915370941162e-01 4.320357739925384521e-01
7.011474370956420898e-01 5.189361572265625000e-01
7.027024626731872559e-01 4.854931235313415527e-01
8.143362402915954590e-01 5.082165002822875977e-01
8.194007277488708496e-01 4.751407802104949951e-01
9.227472543716430664e-01 5.058108568191528320e-01
9.197573661804199219e-01 4.857223629951477051e-01
