3.943918645381927490e-01 5.964089632034301758e-01
3.898780047893524170e-01 5.975687503814697266e-01
3.846722841262817383e-01 5.929015278816223145e-01
4.086385965347290039e-01 6.013654470443725586e-01
3.938617110252380371e-01 5.846262574195861816e-01
4.631577730178833008e-01 6.031881570816040039e-01
4.156461656093597412e-01 5.675818920135498047e-01
5.544614791870117188e-01 6.275372505187988281e-01
3.637203574180603027e-01 5.796104073524475098e-01
5.377913117408752441e-01 6.249716281890869141e-01
2.670309841632843018e-01 6.147758960723876953e-01
5.823389887809753418e-01 5.611844062805175781e-01
5.647443532943725586e-01 5.118947625160217285e-01
7.071852087974548340e-01 5.701686143875122070e-01
6.994764804840087891e-01 5.130470991134643555e-01
8.466090559959411621e-01 5.678006410598754883e-01
8.487021327018737793e-01 5.274589061737060547e-01
