4.795928001403808594e-01 4.796328246593475342e-01
4.722198843955993652e-01 4.898642003536224365e-01
4.708582758903503418e-01 4.747712314128875732e-01
4.914619326591491699e-01 4.977961480617523193e-01
4.885310530662536621e-01 4.778268933296203613e-01
5.359327793121337891e-01 5.023312568664550781e-01
5.314362645149230957e-01 4.553555250167846680e-01
4.797622859477996826e-01 5.106384158134460449e-01
4.922102391719818115e-01 4.335362613201141357e-01
4.243069291114807129e-01 5.270990729331970215e-01
4.584324955940246582e-01 3.712764382362365723e-01
6.942953467369079590e-01 4.778410196304321289e-01
6.909996867179870605e-01 4.452757835388183594e-01
8.149347305297851562e-01 4.661412835121154785e-01
8.122049570083618164e-01 4.264979958534240723e-01
9.391063451766967773e-01 4.653097093105316162e-01
9.297682046890258789e-01 4.325685501098632812e-01
