4.510638117790222168e-01 6.056814193725585938e-01
4.484666585922241211e-01 6.041239500045776367e-01
4.390630722045898438e-01 5.960887670516967773e-01
4.543433189392089844e-01 6.035296916961669922e-01
4.370156228542327881e-01 5.861452221870422363e-01
5.051910877227783203e-01 5.961804389953613281e-01
4.614015817642211914e-01 5.480473041534423828e-01
5.624802708625793457e-01 6.014353632926940918e-01
4.158798158168792725e-01 5.727857351303100586e-01
5.376241803169250488e-01 6.049441099166870117e-01
3.596491813659667969e-01 6.090488433837890625e-01
5.969274044036865234e-01 5.299012660980224609e-01
5.788487792015075684e-01 4.906332492828369141e-01
7.040490508079528809e-01 5.104053020477294922e-01
6.978272199630737305e-01 4.620723724365234375e-01
7.692908644676208496e-01 5.038136839866638184e-01
8.034976720809936523e-01 4.474615752696990967e-01
