4.551038742065429688e-01 4.960292577743530273e-01
4.472752809524536133e-01 4.994981288909912109e-01
4.463816583156585693e-01 4.871562123298645020e-01
4.585895240306854248e-01 5.154093503952026367e-01
4.572984874248504639e-01 4.755330979824066162e-01
5.114696025848388672e-01 5.198324322700500488e-01
5.138521790504455566e-01 4.587117135524749756e-01
5.285435914993286133e-01 5.276715159416198730e-01
5.548503398895263672e-01 4.171864986419677734e-01
4.925279021263122559e-01 5.058073997497558594e-01
5.910544395446777344e-01 4.000501334667205811e-01
6.428537964820861816e-01 5.250214338302612305e-01
6.435194015502929688e-01 4.873564243316650391e-01
7.530555725097656250e-01 5.341951251029968262e-01
7.574794292449951172e-01 5.040772557258605957e-01
8.516569137573242188e-01 5.495128631591796875e-01
8.723543882369995117e-01 5.312930941581726074e-01
