4.138682484626770020e-01 6.002710461616516113e-01
4.093276262283325195e-01 6.063584089279174805e-01
4.024754464626312256e-01 5.968498587608337402e-01
4.237278103828430176e-01 6.106808185577392578e-01
4.071171283721923828e-01 5.917332172393798828e-01
4.785261750221252441e-01 5.972520112991333008e-01
4.317611455917358398e-01 5.708751082420349121e-01
5.553937554359436035e-01 6.166194677352905273e-01
3.633747696876525879e-01 5.800893306732177734e-01
5.262385606765747070e-01 6.235493421554565430e-01
2.625077366828918457e-01 5.996845364570617676e-01
5.913625955581665039e-01 5.557404756546020508e-01
5.758213400840759277e-01 5.148023366928100586e-01
7.119781374931335449e-01 5.598158836364746094e-01
7.093095779418945312e-01 5.113711357116699219e-01
8.448459506034851074e-01 5.534824132919311523e-01
8.577836751937866211e-01 5.130362510681152344e-01
