4.939890801906585693e-01 5.146753787994384766e-01
4.866599440574645996e-01 5.209997892379760742e-01
4.883360564708709717e-01 5.125288963317871094e-01
4.929078221321105957e-01 5.316213965415954590e-01
4.955839514732360840e-01 4.992258250713348389e-01
5.163691043853759766e-01 5.459186434745788574e-01
5.335029363632202148e-01 4.916943907737731934e-01
4.615696370601654053e-01 5.401228070259094238e-01
4.865280985832214355e-01 4.925361275672912598e-01
3.880177140235900879e-01 5.339180827140808105e-01
4.084140658378601074e-01 5.008924007415771484e-01
6.958161592483520508e-01 5.339719653129577637e-01
6.987150907516479492e-01 5.056322813034057617e-01
8.332125544548034668e-01 5.262737274169921875e-01
8.351355791091918945e-01 5.025798082351684570e-01
9.207205772399902344e-01 5.075709819793701172e-01
9.280035495758056641e-01 4.927894473075866699e-01
