5.116289854049682617e-01 4.857853651046752930e-01
4.978529810905456543e-01 4.874484539031982422e-01
5.040914416313171387e-01 4.789684712886810303e-01
5.102392435073852539e-01 4.996214807033538818e-01
5.118936300277709961e-01 4.690766930580139160e-01
5.422900915145874023e-01 5.207601189613342285e-01
5.544453859329223633e-01 4.548382163047790527e-01
4.970522522926330566e-01 5.121039748191833496e-01
5.319793224334716797e-01 4.237179458141326904e-01
4.542824029922485352e-01 5.097349882125854492e-01
5.221138000488281250e-01 4.181150197982788086e-01
6.929062604904174805e-01 5.013447999954223633e-01
6.952265501022338867e-01 4.631234407424926758e-01
8.184904456138610840e-01 4.992108941078186035e-01
8.276510238647460938e-01 4.652211070060729980e-01
9.291822910308837891e-01 5.036566257476806641e-01
9.370755553245544434e-01 4.793076217174530029e-01
