5.322234630584716797e-01 4.814233183860778809e-01
5.223049521446228027e-01 4.800961017608642578e-01
5.272853374481201172e-01 4.776058793067932129e-01
5.214316844940185547e-01 4.914236068725585938e-01
5.292856097221374512e-01 4.762820899486541748e-01
5.514401197433471680e-01 5.177271366119384766e-01
5.577385425567626953e-01 4.709730148315429688e-01
4.919100403785705566e-01 5.092504024505615234e-01
5.193308591842651367e-01 4.622460603713989258e-01
4.267535805702209473e-01 4.989156723022460938e-01
5.071073174476623535e-01 4.321173131465911865e-01
6.787649393081665039e-01 5.208295583724975586e-01
6.828023195266723633e-01 4.960694015026092529e-01
8.159024119377136230e-01 5.266102552413940430e-01
8.184024691581726074e-01 5.039645433425903320e-01
9.197740554809570312e-01 5.447775125503540039e-01
9.253684282302856445e-01 5.257713794708251953e-01
