4.637119174003601074e-01 4.987089037895202637e-01
4.576174914836883545e-01 5.051543712615966797e-01
4.520134627819061279e-01 4.936147928237915039e-01
4.636126756668090820e-01 5.161296129226684570e-01
4.626757502555847168e-01 4.858756959438323975e-01
5.126762986183166504e-01 5.308271646499633789e-01
5.074921846389770508e-01 4.726958274841308594e-01
5.644788742065429688e-01 5.447494387626647949e-01
5.660792589187622070e-01 4.727163016796112061e-01
6.188119053840637207e-01 5.546936988830566406e-01
6.161960959434509277e-01 4.822772443294525146e-01
6.058203577995300293e-01 5.314848423004150391e-01
6.039741635322570801e-01 4.979255199432373047e-01
6.773681044578552246e-01 5.551540851593017578e-01
6.764521598815917969e-01 5.056219100952148438e-01
7.430132627487182617e-01 5.659934878349304199e-01
7.684044837951660156e-01 5.013040304183959961e-01
