4.148609340190887451e-01 5.992238521575927734e-01
4.106652438640594482e-01 6.074296236038208008e-01
4.033691585063934326e-01 5.946706533432006836e-01
4.266765117645263672e-01 6.189591288566589355e-01
4.099805057048797607e-01 5.913716554641723633e-01
4.949708878993988037e-01 6.157809495925903320e-01
4.327906370162963867e-01 5.625201463699340820e-01
5.827745795249938965e-01 6.102223992347717285e-01
3.575174808502197266e-01 5.652173161506652832e-01
5.730673074722290039e-01 6.062623262405395508e-01
2.634785771369934082e-01 5.908592939376831055e-01
6.024595499038696289e-01 5.409621000289916992e-01
5.775368213653564453e-01 5.002937912940979004e-01
7.127336263656616211e-01 5.169855356216430664e-01
7.040312290191650391e-01 4.690622091293334961e-01
8.302379846572875977e-01 4.965074956417083740e-01
8.288242220878601074e-01 4.647005200386047363e-01
