4.492638111114501953e-01 5.016604065895080566e-01
4.416586160659790039e-01 5.128800868988037109e-01
4.409789741039276123e-01 4.940467476844787598e-01
4.547766149044036865e-01 5.203270912170410156e-01
4.480525851249694824e-01 4.862594008445739746e-01
5.090709924697875977e-01 5.235310792922973633e-01
5.095486640930175781e-01 4.705867171287536621e-01
5.343682765960693359e-01 5.188212394714355469e-01
5.432863235473632812e-01 4.161263704299926758e-01
4.991468787193298340e-01 5.055516362190246582e-01
5.839792490005493164e-01 3.977491259574890137e-01
6.631674170494079590e-01 5.088540315628051758e-01
6.613093018531799316e-01 4.762010574340820312e-01
7.977203130722045898e-01 5.030165910720825195e-01
7.968729734420776367e-01 4.894028306007385254e-01
9.193646907806396484e-01 5.062865018844604492e-01
9.155571460723876953e-01 4.931491315364837646e-01
