4.673435688018798828e-01 4.941124916076660156e-01
4.346354901790618896e-01 4.949744641780853271e-01
4.626590907573699951e-01 4.921191632747650146e-01
4.810575246810913086e-01 4.861412942409515381e-01
4.717483520507812500e-01 4.908221960067749023e-01
5.348824262619018555e-01 4.865425229072570801e-01
5.329362154006958008e-01 5.028793811798095703e-01
5.080578327178955078e-01 4.597434401512145996e-01
5.004789829254150391e-01 4.944589138031005859e-01
4.940678477287292480e-01 4.690349698066711426e-01
4.738519787788391113e-01 4.943152070045471191e-01
6.736012697219848633e-01 4.759249687194824219e-01
6.764659285545349121e-01 4.884213805198669434e-01
8.125247955322265625e-01 4.780776202678680420e-01
8.183495402336120605e-01 4.863978028297424316e-01
9.243490099906921387e-01 4.787448644638061523e-01
9.126850962638854980e-01 4.750549197196960449e-01
