4.856801629066467285e-01 5.009121894836425781e-01
4.769523143768310547e-01 4.994561672210693359e-01
4.776054322719573975e-01 4.875245690345764160e-01
4.896241128444671631e-01 5.145313739776611328e-01
5.000225305557250977e-01 4.794397056102752686e-01
5.397334098815917969e-01 5.330730676651000977e-01
5.512009859085083008e-01 4.645279347896575928e-01
5.166091918945312500e-01 5.201147198677062988e-01
5.675771236419677734e-01 4.145790934562683105e-01
4.848986864089965820e-01 5.007441043853759766e-01
6.478704214096069336e-01 3.814505040645599365e-01
6.728502511978149414e-01 5.460468530654907227e-01
6.725224852561950684e-01 5.053570866584777832e-01
7.800347805023193359e-01 5.567822456359863281e-01
7.799915075302124023e-01 5.360857248306274414e-01
8.883673548698425293e-01 5.691678524017333984e-01
9.031915068626403809e-01 5.624113082885742188e-01
