4.387693405151367188e-01 4.775694012641906738e-01
4.185231924057006836e-01 4.842645525932312012e-01
4.333516955375671387e-01 4.641091525554656982e-01
4.175467193126678467e-01 5.026797652244567871e-01
4.245612025260925293e-01 4.500174522399902344e-01
4.683606624603271484e-01 5.239892601966857910e-01
4.882286190986633301e-01 4.353062808513641357e-01
5.394203066825866699e-01 5.368821024894714355e-01
5.226407051086425781e-01 4.121282696723937988e-01
4.990401268005371094e-01 5.045917034149169922e-01
5.182970762252807617e-01 4.561917781829833984e-01
6.171277165412902832e-01 5.356627702713012695e-01
6.218955516815185547e-01 4.829809069633483887e-01
7.497202157974243164e-01 5.298569202423095703e-01
7.842876315116882324e-01 5.099839568138122559e-01
9.196890592575073242e-01 5.663380622863769531e-01
7.708222270011901855e-01 5.218620300292968750e-01
