3.985113799571990967e-01 5.980373620986938477e-01
3.917023539543151855e-01 6.051142811775207520e-01
3.873446881771087646e-01 5.988156795501708984e-01
4.113579988479614258e-01 6.068878173828125000e-01
3.952015638351440430e-01 5.889261960983276367e-01
4.714528918266296387e-01 6.058080792427062988e-01
4.201229512691497803e-01 5.696462988853454590e-01
5.630807876586914062e-01 6.277015209197998047e-01
3.619927167892456055e-01 5.732998847961425781e-01
5.306457281112670898e-01 6.240644454956054688e-01
2.734668254852294922e-01 6.166455149650573730e-01
5.849158763885498047e-01 5.582560300827026367e-01
5.706011056900024414e-01 5.164512395858764648e-01
7.056705355644226074e-01 5.734828114509582520e-01
6.987919211387634277e-01 5.142117738723754883e-01
8.439742326736450195e-01 5.577635169029235840e-01
8.472816348075866699e-01 5.158488154411315918e-01
