4.848590791225433350e-01 4.794297218322753906e-01
4.747910201549530029e-01 4.906577765941619873e-01
4.798360466957092285e-01 4.800446033477783203e-01
4.861077964305877686e-01 4.997600317001342773e-01
4.895592927932739258e-01 4.734843373298645020e-01
5.301129817962646484e-01 5.188089609146118164e-01
5.366644859313964844e-01 4.607469737529754639e-01
4.966263771057128906e-01 5.112419128417968750e-01
5.163030028343200684e-01 4.459136128425598145e-01
4.512501657009124756e-01 5.065521001815795898e-01
4.973463416099548340e-01 4.169642925262451172e-01
6.861273646354675293e-01 5.020558834075927734e-01
6.890941858291625977e-01 4.668590426445007324e-01
8.142887949943542480e-01 5.023342967033386230e-01
8.231649398803710938e-01 4.649551808834075928e-01
9.293930530548095703e-01 5.075258612632751465e-01
9.363466501235961914e-01 4.815530776977539062e-01
