4.844001233577728271e-01 4.871078431606292725e-01
4.725799560546875000e-01 4.892367720603942871e-01
4.746865034103393555e-01 4.762118458747863770e-01
4.872237443923950195e-01 4.999988079071044922e-01
4.872602224349975586e-01 4.701356589794158936e-01
5.247876644134521484e-01 5.128875970840454102e-01
5.313227176666259766e-01 4.507754743099212646e-01
4.848819971084594727e-01 5.105732679367065430e-01
5.106527805328369141e-01 4.263758063316345215e-01
4.471503496170043945e-01 5.293102264404296875e-01
5.421630144119262695e-01 3.499497771263122559e-01
6.892024874687194824e-01 4.781538844108581543e-01
6.869000196456909180e-01 4.451422393321990967e-01
8.153454661369323730e-01 4.717249572277069092e-01
8.074899911880493164e-01 4.415517449378967285e-01
9.306771159172058105e-01 4.633444249629974365e-01
9.283129572868347168e-01 4.366162419319152832e-01
