4.702061414718627930e-01 5.092322230339050293e-01
4.627187252044677734e-01 5.190814137458801270e-01
4.594671428203582764e-01 5.016094446182250977e-01
4.707643687725067139e-01 5.238423347473144531e-01
4.636727571487426758e-01 4.877859354019165039e-01
5.262320041656494141e-01 5.329583883285522461e-01
5.171279907226562500e-01 4.642859697341918945e-01
6.056911349296569824e-01 5.299592614173889160e-01
6.047102808952331543e-01 4.521044194698333740e-01
6.728799343109130859e-01 5.188289880752563477e-01
6.629706621170043945e-01 4.506974220275878906e-01
6.625574827194213867e-01 5.138073563575744629e-01
6.583601832389831543e-01 4.687021374702453613e-01
7.784479856491088867e-01 5.252725481986999512e-01
7.752079963684082031e-01 4.780223965644836426e-01
9.100748896598815918e-01 5.244103670120239258e-01
9.030336141586303711e-01 4.960373342037200928e-01
