4.827557802200317383e-01 4.826112687587738037e-01
4.768398404121398926e-01 4.902094304561614990e-01
4.813122749328613281e-01 4.780813157558441162e-01
4.931064248085021973e-01 4.974575638771057129e-01
4.995031058788299561e-01 4.691051244735717773e-01
5.169094800949096680e-01 5.062336325645446777e-01
5.224303007125854492e-01 4.421390891075134277e-01
5.036467313766479492e-01 5.049282312393188477e-01
5.259424448013305664e-01 3.883501291275024414e-01
4.733510017395019531e-01 5.069625973701477051e-01
5.673667192459106445e-01 3.336151838302612305e-01
6.436860561370849609e-01 4.627155065536499023e-01
6.386495232582092285e-01 4.255975484848022461e-01
7.160859107971191406e-01 4.566521346569061279e-01
7.697889804840087891e-01 4.221460223197937012e-01
7.550907135009765625e-01 4.468553960323333740e-01
7.481089830398559570e-01 4.409946799278259277e-01
