4.831438660621643066e-01 5.005286931991577148e-01
4.699955880641937256e-01 5.012006163597106934e-01
4.742502570152282715e-01 4.918487071990966797e-01
4.806269109249114990e-01 5.111688375473022461e-01
4.854606389999389648e-01 4.784836471080780029e-01
5.353801250457763672e-01 5.173890590667724609e-01
5.416170954704284668e-01 4.628473222255706787e-01
5.116791725158691406e-01 5.104178786277770996e-01
5.445313453674316406e-01 4.075921475887298584e-01
4.666514396667480469e-01 5.079652667045593262e-01
6.096667051315307617e-01 3.513797521591186523e-01
6.800246238708496094e-01 5.041085481643676758e-01
6.812347769737243652e-01 4.661423563957214355e-01
8.100857138633728027e-01 5.020719766616821289e-01
8.163750171661376953e-01 4.724203050136566162e-01
9.165737628936767578e-01 5.038750171661376953e-01
9.218889474868774414e-01 4.782105386257171631e-01
