3.796137571334838867e-01 5.774412155151367188e-01
3.740296959877014160e-01 5.823805928230285645e-01
3.725579679012298584e-01 5.747236609458923340e-01
3.909706473350524902e-01 5.920231938362121582e-01
3.819808661937713623e-01 5.691763758659362793e-01
4.510082900524139404e-01 6.006429195404052734e-01
4.157031476497650146e-01 5.584338903427124023e-01
5.298636555671691895e-01 6.279590129852294922e-01
3.320012688636779785e-01 5.583620071411132812e-01
5.299561023712158203e-01 6.342161893844604492e-01
2.740493416786193848e-01 5.690420866012573242e-01
5.759328603744506836e-01 5.713810324668884277e-01
5.721168518066406250e-01 5.265703201293945312e-01
6.977468729019165039e-01 5.907787084579467773e-01
6.972718238830566406e-01 5.441750288009643555e-01
8.185893297195434570e-01 5.954701900482177734e-01
8.023902177810668945e-01 5.407769680023193359e-01
