4.400091767311096191e-01 6.540061831474304199e-01
4.448023438453674316e-01 6.587248444557189941e-01
4.406404495239257812e-01 6.469101905822753906e-01
4.496563076972961426e-01 6.571378707885742188e-01
4.381455183029174805e-01 6.309301853179931641e-01
4.651774764060974121e-01 6.393663883209228516e-01
4.580850601196289062e-01 5.867573618888854980e-01
4.976340234279632568e-01 6.550595760345458984e-01
4.889474809169769287e-01 5.621347427368164062e-01
5.410442948341369629e-01 6.607879996299743652e-01
5.199180245399475098e-01 5.632090568542480469e-01
5.285025835037231445e-01 5.910889506340026855e-01
5.277308225631713867e-01 5.467380285263061523e-01
6.034916043281555176e-01 5.759686231613159180e-01
5.988820791244506836e-01 5.406398773193359375e-01
6.689360141754150391e-01 5.607864856719970703e-01
6.710005998611450195e-01 5.375115871429443359e-01
