4.246363043785095215e-01 6.435738801956176758e-01
4.229682385921478271e-01 6.440400481224060059e-01
4.207535386085510254e-01 6.435828208923339844e-01
4.331276118755340576e-01 6.377757191658020020e-01
4.285329282283782959e-01 6.263619661331176758e-01
4.669173955917358398e-01 6.284301280975341797e-01
4.495247006416320801e-01 6.027054786682128906e-01
4.796636998653411865e-01 6.406949162483215332e-01
3.917255103588104248e-01 6.251392364501953125e-01
3.263626694679260254e-01 6.711666584014892578e-01
3.163615465164184570e-01 6.711470484733581543e-01
5.702232122421264648e-01 5.936310291290283203e-01
5.658451914787292480e-01 5.688700079917907715e-01
6.809064745903015137e-01 5.821137428283691406e-01
6.751915812492370605e-01 5.614694356918334961e-01
7.887786626815795898e-01 5.706082582473754883e-01
7.900812029838562012e-01 5.529911518096923828e-01
