4.089692831039428711e-01 6.357579231262207031e-01
4.141840934753417969e-01 6.076020002365112305e-01
4.131571650505065918e-01 6.116052865982055664e-01
4.240790009498596191e-01 6.032924652099609375e-01
4.206762909889221191e-01 6.076253056526184082e-01
4.554643630981445312e-01 5.984048843383789062e-01
4.404748082160949707e-01 6.018483042716979980e-01
4.739607572555541992e-01 6.011814475059509277e-01
4.208484888076782227e-01 6.013624072074890137e-01
5.193073749542236328e-01 6.610624790191650391e-01
3.261515498161315918e-01 6.563833951950073242e-01
5.636547207832336426e-01 5.732788443565368652e-01
5.625312328338623047e-01 5.663617849349975586e-01
6.806594729423522949e-01 5.685123801231384277e-01
6.792197227478027344e-01 5.590302348136901855e-01
7.940565943717956543e-01 5.722121000289916992e-01
7.955604791641235352e-01 5.549291372299194336e-01
