4.272083044052124023e-01 6.554073691368103027e-01
4.371402263641357422e-01 6.545248627662658691e-01
4.102127552032470703e-01 6.665429472923278809e-01
4.606891572475433350e-01 6.535817980766296387e-01
4.134323000907897949e-01 6.688911318778991699e-01
4.895605444908142090e-01 6.326192617416381836e-01
4.612720012664794922e-01 6.021864414215087891e-01
5.258600115776062012e-01 6.498903036117553711e-01
4.449253976345062256e-01 6.133542656898498535e-01
5.473957657814025879e-01 6.636707782745361328e-01
3.387931585311889648e-01 6.845663785934448242e-01
5.627241134643554688e-01 5.769885182380676270e-01
5.513322353363037109e-01 5.442563295364379883e-01
6.122273206710815430e-01 5.616309642791748047e-01
6.220803260803222656e-01 5.356318950653076172e-01
6.977390646934509277e-01 5.408607721328735352e-01
6.856417059898376465e-01 5.126817226409912109e-01
