4.335810542106628418e-01 6.374998688697814941e-01
4.327041506767272949e-01 6.420632004737854004e-01
4.278027415275573730e-01 6.391301155090332031e-01
4.373112320899963379e-01 6.440235972404479980e-01
4.325078427791595459e-01 6.239034533500671387e-01
4.657603502273559570e-01 6.415379643440246582e-01
4.555105865001678467e-01 5.955005884170532227e-01
5.012793540954589844e-01 6.537086367607116699e-01
4.669638574123382568e-01 5.862470269203186035e-01
5.413515567779541016e-01 6.577781438827514648e-01
4.839960336685180664e-01 5.095109939575195312e-01
5.426760911941528320e-01 5.910348296165466309e-01
5.384615659713745117e-01 5.527703166007995605e-01
6.301103234291076660e-01 5.775448083877563477e-01
6.202944517135620117e-01 5.470083951950073242e-01
6.878539323806762695e-01 5.581123828887939453e-01
6.789046525955200195e-01 5.281841754913330078e-01
