5.193423032760620117e-01 2.855963706970214844e-01
5.182007551193237305e-01 2.962573766708374023e-01
5.030692815780639648e-01 2.752263545989990234e-01
5.476607084274291992e-01 2.918716371059417725e-01
5.149556398391723633e-01 2.539288699626922607e-01
6.342581510543823242e-01 2.621111869812011719e-01
5.384565591812133789e-01 2.094274461269378662e-01
7.514728307723999023e-01 2.478446215391159058e-01
4.473349750041961670e-01 2.639353871345520020e-01
7.558886408805847168e-01 2.372067272663116455e-01
3.840879201889038086e-01 3.155469894409179688e-01
7.589937448501586914e-01 1.589179039001464844e-01
7.259420156478881836e-01 9.392748773097991943e-02
9.145511388778686523e-01 1.891650855541229248e-01
8.961992263793945312e-01 3.102529048919677734e-02
9.841892123222351074e-01 1.885055899620056152e-01
9.996113777160644531e-01 1.502250414341688156e-02
