5.014075636863708496e-01 2.761000394821166992e-01
4.975166320800781250e-01 2.862800359725952148e-01
4.862565398216247559e-01 2.682273983955383301e-01
5.218051075935363770e-01 2.815827131271362305e-01
4.925373792648315430e-01 2.473230957984924316e-01
6.068846583366394043e-01 2.422968745231628418e-01
5.090415477752685547e-01 2.056515514850616455e-01
7.213543653488159180e-01 2.273147106170654297e-01
4.083976447582244873e-01 2.604620158672332764e-01
6.518725752830505371e-01 2.416572570800781250e-01
3.411927223205566406e-01 3.083485364913940430e-01
7.149454355239868164e-01 1.293051838874816895e-01
6.763294935226440430e-01 7.996422052383422852e-02
8.888005018234252930e-01 1.271999776363372803e-01
8.341454267501831055e-01 3.360051661729812622e-02
9.221574664115905762e-01 1.199050247669219971e-01
8.439408540725708008e-01 7.479987107217311859e-03
