5.877731442451477051e-01 5.189148336648941040e-02
5.811842679977416992e-01 5.433584377169609070e-02
5.820583105087280273e-01 3.779451921582221985e-02
5.961860418319702148e-01 5.411041900515556335e-02
5.934209823608398438e-01 2.258338034152984619e-02
6.759014129638671875e-01 6.052243337035179138e-02
6.753863692283630371e-01 2.534612268209457397e-02
5.872455835342407227e-01 6.392170488834381104e-02
5.727813839912414551e-01 5.857535451650619507e-02
5.945374369621276855e-01 5.888897180557250977e-02
6.026122570037841797e-01 4.868046939373016357e-02
9.207636713981628418e-01 5.352105200290679932e-02
9.129185080528259277e-01 2.093215845525264740e-02
9.900327920913696289e-01 5.821221694350242615e-02
9.949744939804077148e-01 2.136325091123580933e-02
9.868570566177368164e-01 6.776584684848785400e-02
9.949992895126342773e-01 5.649243295192718506e-02
