5.200476646423339844e-01 2.577238678932189941e-01
5.131366252899169922e-01 2.656768560409545898e-01
5.020965337753295898e-01 2.482982575893402100e-01
5.397849678993225098e-01 2.715704143047332764e-01
5.104002952575683594e-01 2.284681200981140137e-01
6.339634060859680176e-01 2.460651993751525879e-01
5.301186442375183105e-01 1.825223863124847412e-01
7.478536963462829590e-01 2.388997375965118408e-01
4.012042284011840820e-01 2.198740690946578979e-01
6.913374662399291992e-01 2.603961527347564697e-01
2.870378196239471436e-01 2.716417610645294189e-01
7.617310285568237305e-01 1.426372975111007690e-01
7.251241207122802734e-01 7.978431880474090576e-02
9.267600774765014648e-01 1.488446891307830811e-01
8.991181850433349609e-01 2.628018520772457123e-02
9.734567403793334961e-01 1.511359810829162598e-01
9.950987696647644043e-01 1.711036264896392822e-02
