5.628366470336914062e-01 2.632122039794921875e-01
5.600818991661071777e-01 2.754062712192535400e-01
5.489170551300048828e-01 2.576344907283782959e-01
5.891905426979064941e-01 2.819716930389404297e-01
5.673648118972778320e-01 2.390385270118713379e-01
6.723697185516357422e-01 2.703246474266052246e-01
5.947131514549255371e-01 2.014362514019012451e-01
8.071457147598266602e-01 3.061405718326568604e-01
4.673747420310974121e-01 2.017826437950134277e-01
7.232201099395751953e-01 3.071050643920898438e-01
3.472585380077362061e-01 2.226944565773010254e-01
8.291275501251220703e-01 2.219294011592864990e-01
8.087670207023620605e-01 1.504500508308410645e-01
9.735795855522155762e-01 2.581338882446289062e-01
9.746593832969665527e-01 1.374183148145675659e-01
9.865868091583251953e-01 2.690626978874206543e-01
9.892889261245727539e-01 1.259219646453857422e-01
