5.791094303131103516e-01 5.121731758117675781e-02
5.688471198081970215e-01 5.462222546339035034e-02
5.697322487831115723e-01 4.017263278365135193e-02
5.857966542243957520e-01 5.555929988622665405e-02
5.851247310638427734e-01 2.091469429433345795e-02
6.575337648391723633e-01 6.340502202510833740e-02
6.601046919822692871e-01 2.171572111546993256e-02
5.513503551483154297e-01 6.368152052164077759e-02
5.496030449867248535e-01 5.838146060705184937e-02
4.250376820564270020e-01 6.491637974977493286e-02
4.226589202880859375e-01 6.368312984704971313e-02
9.210445284843444824e-01 5.088437721133232117e-02
9.241458177566528320e-01 1.557922363281250000e-02
9.836189746856689453e-01 2.887931093573570251e-02
9.974887371063232422e-01 1.591812819242477417e-02
9.897276163101196289e-01 6.113613769412040710e-02
9.991320967674255371e-01 3.966466337442398071e-02
