5.201064944267272949e-01 2.555196285247802734e-01
5.148996710777282715e-01 2.657406628131866455e-01
5.033532977104187012e-01 2.472797036170959473e-01
5.459497570991516113e-01 2.680421173572540283e-01
5.153673887252807617e-01 2.295266836881637573e-01
6.410526633262634277e-01 2.462293356657028198e-01
5.330298542976379395e-01 1.789044737815856934e-01
7.593593001365661621e-01 2.479822635650634766e-01
4.115416705608367920e-01 2.160439342260360718e-01
6.701009273529052734e-01 2.682780623435974121e-01
2.908680140972137451e-01 2.559678256511688232e-01
7.770501375198364258e-01 1.555087119340896606e-01
7.465820312500000000e-01 8.701988309621810913e-02
9.516105651855468750e-01 1.664341539144515991e-01
9.270970821380615234e-01 3.151915967464447021e-02
9.902354478836059570e-01 1.652856171131134033e-01
9.278059005737304688e-01 1.380486041307449341e-02
