5.165184736251831055e-01 2.804849147796630859e-01
5.136044621467590332e-01 2.918367981910705566e-01
4.998670220375061035e-01 2.715919613838195801e-01
5.388792753219604492e-01 2.881824076175689697e-01
5.101626515388488770e-01 2.510040402412414551e-01
6.296615600585937500e-01 2.591964602470397949e-01
5.318415164947509766e-01 2.067115306854248047e-01
7.542088031768798828e-01 2.499064058065414429e-01
4.371293485164642334e-01 2.410550564527511597e-01
7.470232248306274414e-01 2.406966686248779297e-01
3.520009219646453857e-01 2.930774986743927002e-01
7.574176192283630371e-01 1.527203023433685303e-01
7.238628268241882324e-01 9.503379464149475098e-02
9.220581054687500000e-01 1.803513467311859131e-01
9.089972376823425293e-01 2.882107160985469818e-02
9.640293121337890625e-01 1.811398118734359741e-01
1.000386953353881836e+00 1.495431177318096161e-02
