5.159168243408203125e-01 2.319194674491882324e-01
5.148827433586120605e-01 2.464695423841476440e-01
5.006343126296997070e-01 2.272174805402755737e-01
5.458717346191406250e-01 2.450727820396423340e-01
5.190826058387756348e-01 2.063748836517333984e-01
6.357830166816711426e-01 2.307107746601104736e-01
5.378074645996093750e-01 1.585490107536315918e-01
7.652679681777954102e-01 2.427933067083358765e-01
4.223193526268005371e-01 1.719400882720947266e-01
6.789724826812744141e-01 2.671150863170623779e-01
3.306593298912048340e-01 1.675007939338684082e-01
7.826987504959106445e-01 1.471505910158157349e-01
7.544020414352416992e-01 8.214911073446273804e-02
9.508954286575317383e-01 1.508198380470275879e-01
9.275712370872497559e-01 3.174404054880142212e-02
9.881368875503540039e-01 1.531924307346343994e-01
9.492759108543395996e-01 1.031454652547836304e-02
