5.643113851547241211e-01 2.629281580448150635e-01
5.591734647750854492e-01 2.762664854526519775e-01
5.473667979240417480e-01 2.565222084522247314e-01
5.854275822639465332e-01 2.855543494224548340e-01
5.599340200424194336e-01 2.378873676061630249e-01
6.708156466484069824e-01 2.711538672447204590e-01
5.916052460670471191e-01 2.062110900878906250e-01
7.938234210014343262e-01 2.947753071784973145e-01
4.641067385673522949e-01 2.240846008062362671e-01
7.977944612503051758e-01 2.884524166584014893e-01
3.584693372249603271e-01 2.458009719848632812e-01
8.203436732292175293e-01 2.144387960433959961e-01
7.995548248291015625e-01 1.425944566726684570e-01
9.763645529747009277e-01 2.552876770496368408e-01
9.663292169570922852e-01 1.221419125795364380e-01
9.818911552429199219e-01 2.691380083560943604e-01
9.557901620864868164e-01 1.280926913022994995e-01
