6.738554835319519043e-01 5.820793658494949341e-02
6.665019989013671875e-01 6.028855964541435242e-02
6.686112880706787109e-01 4.145823419094085693e-02
6.783758997917175293e-01 6.196853518486022949e-02
6.865483522415161133e-01 2.244973555207252502e-02
7.481089830398559570e-01 8.884181082248687744e-02
7.623073458671569824e-01 2.601253800094127655e-02
6.601026654243469238e-01 8.792158961296081543e-02
6.947333216667175293e-01 8.510108292102813721e-02
6.749538183212280273e-01 7.803807407617568970e-02
7.072477340698242188e-01 6.651517748832702637e-02
9.801650047302246094e-01 9.969618916511535645e-02
9.401499629020690918e-01 3.327614068984985352e-02
1.000331759452819824e+00 1.232496649026870728e-01
9.968254566192626953e-01 2.724478207528591156e-02
9.944137930870056152e-01 1.357577145099639893e-01
9.986919760704040527e-01 1.355123221874237061e-01
