4.827282130718231201e-01 2.466365098953247070e-01
4.809943139553070068e-01 2.475907802581787109e-01
4.652382135391235352e-01 2.354996055364608765e-01
5.109820961952209473e-01 2.517798542976379395e-01
4.786798357963562012e-01 2.140157073736190796e-01
5.985254049301147461e-01 2.153568863868713379e-01
4.886866211891174316e-01 1.659908294677734375e-01
7.208391427993774414e-01 2.090556025505065918e-01
3.704258799552917480e-01 1.839971244335174561e-01
6.412261128425598145e-01 2.418849319219589233e-01
2.775351405143737793e-01 2.009954899549484253e-01
6.989474296569824219e-01 1.032994389533996582e-01
6.534034609794616699e-01 6.362581253051757812e-02
8.902449011802673340e-01 8.524113148450851440e-02
7.274391651153564453e-01 3.268112987279891968e-02
9.246015548706054688e-01 7.730868458747863770e-02
9.171226024627685547e-01 7.194338738918304443e-02
