5.281438827514648438e-01 2.453482598066329956e-01
5.251976847648620605e-01 2.585768103599548340e-01
5.147185325622558594e-01 2.377018034458160400e-01
5.571534037590026855e-01 2.650992870330810547e-01
5.351941585540771484e-01 2.192311733961105347e-01
6.510950922966003418e-01 2.457746714353561401e-01
5.616263151168823242e-01 1.762762665748596191e-01
7.850603461265563965e-01 2.642446756362915039e-01
4.371249675750732422e-01 1.914822161197662354e-01
6.990752220153808594e-01 2.806225121021270752e-01
3.225338459014892578e-01 2.063115239143371582e-01
8.025202155113220215e-01 1.666884422302246094e-01
7.736158370971679688e-01 9.830453991889953613e-02
9.672479033470153809e-01 1.822413653135299683e-01
9.499570131301879883e-01 6.015687435865402222e-02
9.918212890625000000e-01 1.877593696117401123e-01
9.849081039428710938e-01 4.361597448587417603e-02
