5.797488689422607422e-01 2.775151133537292480e-01
5.745098590850830078e-01 2.909468710422515869e-01
5.605866909027099609e-01 2.684540152549743652e-01
5.994418263435363770e-01 2.895376086235046387e-01
5.759626030921936035e-01 2.469281256198883057e-01
6.898626685142517090e-01 2.826416790485382080e-01
6.025474071502685547e-01 2.056807577610015869e-01
7.984153032302856445e-01 3.134378194808959961e-01
4.798847436904907227e-01 2.243517339229583740e-01
7.354345321655273438e-01 3.098693490028381348e-01
3.638530671596527100e-01 2.420216500759124756e-01
8.349496722221374512e-01 2.213296592235565186e-01
8.143267035484313965e-01 1.559441536664962769e-01
9.702243804931640625e-01 2.738483548164367676e-01
9.785408377647399902e-01 1.441421657800674438e-01
9.803289175033569336e-01 2.876779735088348389e-01
9.920610785484313965e-01 1.378179192543029785e-01
