5.432544946670532227e-01 2.312023639678955078e-01
5.410946607589721680e-01 2.440766096115112305e-01
5.334572792053222656e-01 2.251806855201721191e-01
5.767480731010437012e-01 2.513410747051239014e-01
5.521952509880065918e-01 2.104137390851974487e-01
6.658873558044433594e-01 2.454163432121276855e-01
5.734600424766540527e-01 1.629136502742767334e-01
7.892642021179199219e-01 2.737517356872558594e-01
4.509138464927673340e-01 1.620066612958908081e-01
7.006780505180358887e-01 2.855782508850097656e-01
3.625769019126892090e-01 1.545894742012023926e-01
8.122429251670837402e-01 1.773966997861862183e-01
7.896458506584167480e-01 1.022175848484039307e-01
9.730632305145263672e-01 2.021458446979522705e-01
9.754534959793090820e-01 6.903059780597686768e-02
9.846953153610229492e-01 2.043511569499969482e-01
9.864103198051452637e-01 6.242657452821731567e-02
