4.889937341213226318e-01 2.431757301092147827e-01
4.875955581665039062e-01 2.521151900291442871e-01
4.739064872264862061e-01 2.441447228193283081e-01
5.122684836387634277e-01 2.507336139678955078e-01
4.848391711711883545e-01 2.294655293226242065e-01
5.943703651428222656e-01 2.304676771163940430e-01
5.044740438461303711e-01 1.835999935865402222e-01
7.180566787719726562e-01 2.117865532636642456e-01
3.721925914287567139e-01 2.099257558584213257e-01
6.366648674011230469e-01 2.439043372869491577e-01
2.678995728492736816e-01 2.539525628089904785e-01
7.148932218551635742e-01 1.177650317549705505e-01
6.776770949363708496e-01 6.153536587953567505e-02
9.037642478942871094e-01 8.943395316600799561e-02
8.759632110595703125e-01 5.575317144393920898e-02
9.438962340354919434e-01 7.905882596969604492e-02
9.423764944076538086e-01 6.526547670364379883e-02
