5.169317722320556641e-01 2.445204704999923706e-01
5.145817995071411133e-01 2.521873712539672852e-01
5.045591592788696289e-01 2.363535165786743164e-01
5.475026369094848633e-01 2.561450004577636719e-01
5.177328586578369141e-01 2.153284996747970581e-01
6.371108889579772949e-01 2.401355952024459839e-01
5.470618009567260742e-01 1.687802970409393311e-01
7.661193609237670898e-01 2.453038543462753296e-01
4.089087843894958496e-01 2.029525637626647949e-01
6.776303648948669434e-01 2.639071941375732422e-01
2.937830388545989990e-01 2.205980867147445679e-01
7.859066724777221680e-01 1.503784209489822388e-01
7.571729421615600586e-01 8.315571397542953491e-02
9.510792493820190430e-01 1.585213690996170044e-01
9.285208582878112793e-01 3.093673847615718842e-02
9.877595305442810059e-01 1.617559641599655151e-01
9.412605166435241699e-01 1.227101963013410568e-02
