5.063730478286743164e-01 2.795648872852325439e-01
5.032539367675781250e-01 2.909342944622039795e-01
4.886219203472137451e-01 2.693011462688446045e-01
5.277704596519470215e-01 2.846330702304840088e-01
4.949309527873992920e-01 2.521669268608093262e-01
6.149001121520996094e-01 2.471614480018615723e-01
5.166748762130737305e-01 2.062489092350006104e-01
7.236110568046569824e-01 2.273719906806945801e-01
4.148545861244201660e-01 2.582524418830871582e-01
7.124137878417968750e-01 2.279516309499740601e-01
3.402726352214813232e-01 3.161133229732513428e-01
7.293987274169921875e-01 1.322748661041259766e-01
6.887699961662292480e-01 7.638432830572128296e-02
8.921908736228942871e-01 1.431534588336944580e-01
8.322976827621459961e-01 2.007252350449562073e-02
9.306885600090026855e-01 1.344338506460189819e-01
8.774386644363403320e-01 7.881034980528056622e-04
