6.602535247802734375e-01 5.257859081029891968e-02
6.467392444610595703e-01 5.980614945292472839e-02
6.504390239715576172e-01 4.018525034189224243e-02
6.658077836036682129e-01 6.878650188446044922e-02
6.742088198661804199e-01 2.123985812067985535e-02
7.331377267837524414e-01 9.389489889144897461e-02
7.633329629898071289e-01 2.386856824159622192e-02
6.153736114501953125e-01 7.742143422365188599e-02
6.749889850616455078e-01 8.464344590902328491e-02
5.105859041213989258e-01 6.338463723659515381e-02
6.701432466506958008e-01 6.272032856941223145e-02
9.573818445205688477e-01 1.105508953332901001e-01
9.594422578811645508e-01 5.450873821973800659e-02
9.935805201530456543e-01 1.123976558446884155e-01
9.937753677368164062e-01 2.710423618555068970e-02
9.914624094963073730e-01 1.082516759634017944e-01
9.997693896293640137e-01 9.900962561368942261e-02
