4.988411664962768555e-01 2.890640199184417725e-01
4.975360035896301270e-01 2.911978960037231445e-01
4.842468202114105225e-01 2.808635830879211426e-01
5.222883224487304688e-01 2.831131815910339355e-01
4.894490838050842285e-01 2.575153410434722900e-01
5.984131097793579102e-01 2.401092499494552612e-01
4.956925809383392334e-01 2.131030857563018799e-01
7.249473929405212402e-01 2.187801599502563477e-01
4.066558480262756348e-01 2.760042846202850342e-01
6.452841758728027344e-01 2.292620986700057983e-01
3.515383005142211914e-01 3.476008176803588867e-01
6.969550848007202148e-01 1.216729283332824707e-01
6.616854667663574219e-01 6.606972962617874146e-02
8.721503615379333496e-01 1.254686415195465088e-01
8.179079294204711914e-01 2.409006282687187195e-02
9.211301207542419434e-01 1.150438040494918823e-01
9.197413325309753418e-01 1.068147867918014526e-01
