4.009097218513488770e-01 4.474976956844329834e-01
3.855391740798950195e-01 4.518011808395385742e-01
3.905758857727050781e-01 4.471449851989746094e-01
3.860041499137878418e-01 4.747535586357116699e-01
3.957797288894653320e-01 4.687538146972656250e-01
4.220226705074310303e-01 4.991993606090545654e-01
4.429610669612884521e-01 4.975615441799163818e-01
4.500132203102111816e-01 4.967066943645477295e-01
5.208033919334411621e-01 4.814985692501068115e-01
3.714666068553924561e-01 4.650443792343139648e-01
5.700908899307250977e-01 4.440495669841766357e-01
5.895153284072875977e-01 5.542431473731994629e-01
5.945021510124206543e-01 5.561583042144775391e-01
7.301639318466186523e-01 5.247473120689392090e-01
7.412346601486206055e-01 5.424103140830993652e-01
8.721556663513183594e-01 5.481325387954711914e-01
8.762904405593872070e-01 5.773783922195434570e-01
