3.767475485801696777e-01 4.815028607845306396e-01
3.661333918571472168e-01 4.913652837276458740e-01
3.671068549156188965e-01 4.852748513221740723e-01
3.753273487091064453e-01 5.147246122360229492e-01
3.750039041042327881e-01 5.024024248123168945e-01
4.317115247249603271e-01 5.198764801025390625e-01
4.338163733482360840e-01 5.027275085449218750e-01
5.169864296913146973e-01 5.076502561569213867e-01
5.075136423110961914e-01 4.869426190853118896e-01
5.639421939849853516e-01 4.361155629158020020e-01
5.559684634208679199e-01 4.269020259380340576e-01
5.966926217079162598e-01 5.243766307830810547e-01
5.986021757125854492e-01 5.098922252655029297e-01
7.220907211303710938e-01 4.884182214736938477e-01
7.234689593315124512e-01 4.794576764106750488e-01
8.612143397331237793e-01 4.969665408134460449e-01
8.577241897583007812e-01 4.684391617774963379e-01
