4.623423814773559570e-01 4.915116727352142334e-01
4.550120234489440918e-01 4.894877374172210693e-01
4.596749246120452881e-01 4.945510327816009521e-01
4.532852768898010254e-01 4.949652850627899170e-01
4.628524482250213623e-01 5.076339244842529297e-01
4.773797392845153809e-01 5.104961395263671875e-01
5.045750141143798828e-01 5.202913284301757812e-01
4.174337387084960938e-01 4.850236177444458008e-01
5.049612522125244141e-01 5.043363571166992188e-01
3.542787730693817139e-01 4.616802632808685303e-01
5.803462266921997070e-01 4.748756587505340576e-01
5.865331888198852539e-01 5.672538876533508301e-01
5.995105504989624023e-01 5.681938529014587402e-01
7.259557247161865234e-01 5.975813269615173340e-01
7.183369398117065430e-01 5.796955823898315430e-01
7.284569144248962402e-01 6.088165640830993652e-01
7.246496081352233887e-01 6.014488935470581055e-01
