4.295708835124969482e-01 5.602926611900329590e-01
4.245184063911437988e-01 5.722909569740295410e-01
4.167592525482177734e-01 5.573454499244689941e-01
4.521914720535278320e-01 5.828990936279296875e-01
4.308809041976928711e-01 5.450906753540039062e-01
5.335466265678405762e-01 5.824102163314819336e-01
4.784855246543884277e-01 5.251984000205993652e-01
6.044845581054687500e-01 5.967463254928588867e-01
3.811111450195312500e-01 5.171512365341186523e-01
6.248325109481811523e-01 6.337749361991882324e-01
3.007353246212005615e-01 5.161427259445190430e-01
6.808792948722839355e-01 5.319930315017700195e-01
6.706656217575073242e-01 4.852503240108489990e-01
8.156654238700866699e-01 5.275497436523437500e-01
8.019601106643676758e-01 4.610614478588104248e-01
9.536179900169372559e-01 5.338692665100097656e-01
9.490239620208740234e-01 4.524772763252258301e-01
