3.993493020534515381e-01 4.528367221355438232e-01
3.853200376033782959e-01 4.596428275108337402e-01
3.903129100799560547e-01 4.568839967250823975e-01
3.891169428825378418e-01 4.823784828186035156e-01
3.936450183391571045e-01 4.750053584575653076e-01
4.309723973274230957e-01 5.034813880920410156e-01
4.432487189769744873e-01 5.042299032211303711e-01
4.621261954307556152e-01 4.982026219367980957e-01
5.159218311309814453e-01 4.914923310279846191e-01
3.650408983230590820e-01 4.610415101051330566e-01
5.516389608383178711e-01 4.621705412864685059e-01
5.985678434371948242e-01 5.512635707855224609e-01
6.018054485321044922e-01 5.653158426284790039e-01
7.314726710319519043e-01 5.162439942359924316e-01
7.406672239303588867e-01 5.425724983215332031e-01
8.702577948570251465e-01 5.318330526351928711e-01
8.752470016479492188e-01 5.788110494613647461e-01
