3.801806867122650146e-01 4.960265159606933594e-01
3.651594817638397217e-01 5.004966259002685547e-01
3.686850965023040771e-01 4.880256056785583496e-01
3.829975724220275879e-01 5.166769623756408691e-01
3.827111721038818359e-01 4.895219802856445312e-01
4.195568561553955078e-01 5.286165475845336914e-01
4.499994516372680664e-01 4.972932040691375732e-01
3.252690434455871582e-01 5.229064226150512695e-01
5.460379719734191895e-01 4.811778068542480469e-01
2.821840047836303711e-01 5.279140472412109375e-01
5.726951956748962402e-01 4.343141019344329834e-01
5.811152458190917969e-01 5.343949198722839355e-01
5.914819836616516113e-01 5.247407555580139160e-01
7.402567267417907715e-01 5.277144908905029297e-01
7.432107925415039062e-01 5.466758012771606445e-01
8.788605928421020508e-01 5.534847974777221680e-01
8.762225508689880371e-01 5.740047693252563477e-01
