4.253021478652954102e-01 5.591721534729003906e-01
4.178357720375061035e-01 5.718688368797302246e-01
4.153779149055480957e-01 5.490722656250000000e-01
4.418590068817138672e-01 5.852450728416442871e-01
4.329083561897277832e-01 5.430814623832702637e-01
5.215591788291931152e-01 5.932056307792663574e-01
4.757810533046722412e-01 5.244306325912475586e-01
5.880118012428283691e-01 5.993510484695434570e-01
3.905999660491943359e-01 5.066808462142944336e-01
6.108513474464416504e-01 6.356744766235351562e-01
3.053171336650848389e-01 4.974846839904785156e-01
6.843229532241821289e-01 5.550961494445800781e-01
6.746895313262939453e-01 4.987578392028808594e-01
8.221929073333740234e-01 5.644053220748901367e-01
8.067864179611206055e-01 4.867566525936126709e-01
9.549720287322998047e-01 5.840010046958923340e-01
9.416139125823974609e-01 4.833078980445861816e-01
