5.393754839897155762e-01 4.957608580589294434e-01
5.335623025894165039e-01 4.966120421886444092e-01
5.325323939323425293e-01 4.872327446937561035e-01
5.385578870773315430e-01 5.083116292953491211e-01
5.376592874526977539e-01 4.784603714942932129e-01
5.803065299987792969e-01 5.203088521957397461e-01
5.800269842147827148e-01 4.724414944648742676e-01
6.347626447677612305e-01 5.229680538177490234e-01
6.349834203720092773e-01 4.537603855133056641e-01
6.838220953941345215e-01 5.117230415344238281e-01
6.808127164840698242e-01 4.613808095455169678e-01
6.872912645339965820e-01 5.130783319473266602e-01
6.890540122985839844e-01 4.801613986492156982e-01
7.863910198211669922e-01 5.135902166366577148e-01
7.874965071678161621e-01 4.855525493621826172e-01
8.645827174186706543e-01 5.267807245254516602e-01
8.703736662864685059e-01 4.946531653404235840e-01
