5.295847654342651367e-01 5.018453598022460938e-01
5.241369009017944336e-01 4.993363022804260254e-01
5.245986580848693848e-01 5.033348798751831055e-01
5.237602591514587402e-01 4.909486174583435059e-01
5.231397151947021484e-01 4.967244565486907959e-01
5.550294518470764160e-01 4.881909489631652832e-01
5.594760179519653320e-01 4.873705506324768066e-01
6.297940015792846680e-01 4.909513592720031738e-01
6.266147494316101074e-01 4.929469227790832520e-01
6.577581167221069336e-01 5.279822945594787598e-01
6.671155691146850586e-01 5.236984491348266602e-01
6.636475324630737305e-01 4.778094887733459473e-01
6.623757481575012207e-01 4.785823225975036621e-01
7.251710891723632812e-01 4.807190299034118652e-01
7.351402044296264648e-01 5.036505460739135742e-01
8.279147148132324219e-01 4.864940047264099121e-01
8.366799354553222656e-01 4.999431073665618896e-01
