5.781598687171936035e-01 4.993263483047485352e-01
5.677424669265747070e-01 5.055372714996337891e-01
5.679030418395996094e-01 4.936419725418090820e-01
5.764859914779663086e-01 5.076642632484436035e-01
5.752573013305664062e-01 4.814408421516418457e-01
6.082732677459716797e-01 5.055993795394897461e-01
6.073447465896606445e-01 4.636201858520507812e-01
5.457396507263183594e-01 5.116461515426635742e-01
5.885311961174011230e-01 4.239374995231628418e-01
4.621973633766174316e-01 4.940072000026702881e-01
5.150650739669799805e-01 4.045661389827728271e-01
7.279340624809265137e-01 4.953469932079315186e-01
7.245905399322509766e-01 4.757055938243865967e-01
8.464772105216979980e-01 4.883132874965667725e-01
8.513275980949401855e-01 4.894854724407196045e-01
9.192816615104675293e-01 4.717013835906982422e-01
9.065544009208679199e-01 4.819353222846984863e-01
