5.374450683593750000e-01 5.330636501312255859e-01
5.278607010841369629e-01 5.369532108306884766e-01
5.292167663574218750e-01 5.263203978538513184e-01
5.387639999389648438e-01 5.378867983818054199e-01
5.405324101448059082e-01 5.133872032165527344e-01
5.854042172431945801e-01 5.465859174728393555e-01
6.001571416854858398e-01 5.014172196388244629e-01
6.248822212219238281e-01 5.448628067970275879e-01
6.558723449707031250e-01 5.048897862434387207e-01
5.765652656555175781e-01 5.300470590591430664e-01
6.112157106399536133e-01 5.139265060424804688e-01
7.279902696609497070e-01 5.531769394874572754e-01
7.357737421989440918e-01 5.371690988540649414e-01
8.321346044540405273e-01 5.420703887939453125e-01
8.505694270133972168e-01 5.352477431297302246e-01
9.296587705612182617e-01 5.141703486442565918e-01
9.407073259353637695e-01 5.164505243301391602e-01
