6.077874898910522461e-01 6.314104795455932617e-01
6.008313894271850586e-01 6.295456886291503906e-01
6.016778349876403809e-01 6.368647217750549316e-01
6.083833575248718262e-01 6.341650485992431641e-01
6.104857921600341797e-01 6.443764567375183105e-01
6.450468301773071289e-01 6.197144389152526855e-01
6.447518467903137207e-01 6.410301923751831055e-01
6.695200800895690918e-01 6.037757396697998047e-01
6.940678358078002930e-01 6.326382160186767578e-01
5.556225776672363281e-01 5.668308734893798828e-01
6.031394600868225098e-01 6.147128939628601074e-01
7.509955167770385742e-01 5.918394327163696289e-01
7.517573237419128418e-01 6.056441068649291992e-01
8.499116301536560059e-01 5.699221491813659668e-01
8.493685126304626465e-01 5.872530937194824219e-01
9.661712646484375000e-01 5.801705121994018555e-01
9.652880430221557617e-01 5.910501480102539062e-01
