5.456409454345703125e-01 4.881948828697204590e-01
5.368077754974365234e-01 4.963971376419067383e-01
5.298355817794799805e-01 4.822421967983245850e-01
5.494729280471801758e-01 5.001952648162841797e-01
5.487254261970520020e-01 4.630678594112396240e-01
6.028683185577392578e-01 5.137000083923339844e-01
5.927156805992126465e-01 4.496169984340667725e-01
5.964602828025817871e-01 5.065639019012451172e-01
5.782184600830078125e-01 4.487961530685424805e-01
5.395559668540954590e-01 5.026886463165283203e-01
5.388396382331848145e-01 4.525920748710632324e-01
7.046847343444824219e-01 4.858377575874328613e-01
6.819404363632202148e-01 4.535048007965087891e-01
7.990064024925231934e-01 4.759721457958221436e-01
7.946304678916931152e-01 4.743826985359191895e-01
9.182679653167724609e-01 4.252435863018035889e-01
7.388903498649597168e-01 4.565435349941253662e-01
