5.817203521728515625e-01 6.765098571777343750e-01
5.738841295242309570e-01 6.722772121429443359e-01
5.738298296928405762e-01 6.775006055831909180e-01
5.709487795829772949e-01 6.594933271408081055e-01
5.713766217231750488e-01 6.646786332130432129e-01
6.019638180732727051e-01 6.330319046974182129e-01
6.134989857673645020e-01 6.552789211273193359e-01
6.743493080139160156e-01 6.129184365272521973e-01
6.816321611404418945e-01 6.427403688430786133e-01
7.353066205978393555e-01 6.302837729454040527e-01
7.415956854820251465e-01 6.454901695251464844e-01
7.107545137405395508e-01 5.931631922721862793e-01
7.148048877716064453e-01 6.131609082221984863e-01
8.148663043975830078e-01 6.048229932785034180e-01
8.236734867095947266e-01 6.253718137741088867e-01
9.182147383689880371e-01 5.806659460067749023e-01
9.154701232910156250e-01 5.955254435539245605e-01
