5.350359082221984863e-01 5.025324821472167969e-01
5.293449163436889648e-01 4.981224238872528076e-01
5.289859771728515625e-01 5.061050653457641602e-01
5.378006100654602051e-01 4.890649020671844482e-01
5.339330434799194336e-01 5.059766769409179688e-01
5.833351612091064453e-01 4.840433299541473389e-01
5.819265842437744141e-01 5.078511834144592285e-01
6.532645225524902344e-01 4.706012010574340820e-01
6.542929410934448242e-01 5.149079561233520508e-01
6.902205944061279297e-01 4.757015705108642578e-01
6.955644488334655762e-01 5.111432075500488281e-01
7.066320776939392090e-01 4.994516372680664062e-01
7.079292535781860352e-01 5.171879529953002930e-01
7.893356084823608398e-01 5.099244713783264160e-01
7.953855395317077637e-01 5.204829573631286621e-01
8.841749429702758789e-01 5.167343616485595703e-01
8.884116411209106445e-01 5.261592864990234375e-01
