5.521364212036132812e-01 6.946425437927246094e-01
5.422842502593994141e-01 6.891391277313232422e-01
5.433046221733093262e-01 6.862432360649108887e-01
5.386842489242553711e-01 6.656587123870849609e-01
5.380018949508666992e-01 6.748042106628417969e-01
5.719941854476928711e-01 6.541538238525390625e-01
5.795757174491882324e-01 6.626728773117065430e-01
6.413058042526245117e-01 6.414839625358581543e-01
6.463323235511779785e-01 6.598112583160400391e-01
7.023354768753051758e-01 6.668426990509033203e-01
7.110819220542907715e-01 6.751469969749450684e-01
7.008644342422485352e-01 6.294320225715637207e-01
7.027038931846618652e-01 6.474798321723937988e-01
7.999886274337768555e-01 6.341798305511474609e-01
8.032106757164001465e-01 6.698361635208129883e-01
9.087753295898437500e-01 6.391780972480773926e-01
9.126340150833129883e-01 6.933166980743408203e-01
