5.272011160850524902e-01 5.006542801856994629e-01
5.232946872711181641e-01 5.056143403053283691e-01
5.240080356597900391e-01 4.936203360557556152e-01
5.289269685745239258e-01 5.129675865173339844e-01
5.455620288848876953e-01 4.666957557201385498e-01
5.639840960502624512e-01 5.203946828842163086e-01
5.685583353042602539e-01 4.852357804775238037e-01
5.818670988082885742e-01 5.253751277923583984e-01
5.800904035568237305e-01 4.835066199302673340e-01
5.315941572189331055e-01 5.114575028419494629e-01
5.541243553161621094e-01 5.066509246826171875e-01
6.947368383407592773e-01 5.057098865509033203e-01
6.952805519104003906e-01 4.900348782539367676e-01
8.062023520469665527e-01 5.192125439643859863e-01
8.109731078147888184e-01 5.158441066741943359e-01
9.174790382385253906e-01 4.905440807342529297e-01
9.289003610610961914e-01 4.792669713497161865e-01
