4.246507585048675537e-01 5.857235789299011230e-01
4.186045825481414795e-01 5.884962677955627441e-01
4.207985103130340576e-01 5.818564295768737793e-01
4.123501479625701904e-01 5.891697406768798828e-01
4.077452123165130615e-01 5.642920732498168945e-01
4.367527365684509277e-01 5.971583127975463867e-01
4.377995133399963379e-01 5.491847395896911621e-01
5.022881031036376953e-01 5.837391614913940430e-01
4.991815686225891113e-01 5.412778258323669434e-01
5.290656685829162598e-01 6.038910150527954102e-01
5.259410142898559570e-01 5.784998536109924316e-01
5.240812301635742188e-01 5.703645944595336914e-01
5.256544351577758789e-01 5.435189008712768555e-01
6.829682588577270508e-01 5.414872169494628906e-01
6.718134880065917969e-01 5.419193506240844727e-01
8.137196302413940430e-01 5.223271250724792480e-01
8.133562803268432617e-01 5.244737863540649414e-01
