4.603928327560424805e-01 6.013666391372680664e-01
4.423551261425018311e-01 6.051746606826782227e-01
4.584980010986328125e-01 5.934299230575561523e-01
4.567342400550842285e-01 6.009904146194458008e-01
4.632393717765808105e-01 5.825915336608886719e-01
4.984293878078460693e-01 5.901346206665039062e-01
4.831220507621765137e-01 5.694571733474731445e-01
5.060732364654541016e-01 5.860014557838439941e-01
4.567682147026062012e-01 5.939869880676269531e-01
4.314465224742889404e-01 6.169466972351074219e-01
3.666338920593261719e-01 6.221402883529663086e-01
6.034522056579589844e-01 5.736560821533203125e-01
5.924364924430847168e-01 5.520833134651184082e-01
7.605199217796325684e-01 5.700777769088745117e-01
7.496554851531982422e-01 5.590223073959350586e-01
8.731762170791625977e-01 5.603838562965393066e-01
8.308577537536621094e-01 5.483155846595764160e-01
