5.200755000114440918e-01 5.023136734962463379e-01
5.230815410614013672e-01 4.981587529182434082e-01
5.220507979393005371e-01 4.995213747024536133e-01
5.352014303207397461e-01 4.875236153602600098e-01
5.294473767280578613e-01 4.817739725112915039e-01
5.462344288825988770e-01 4.795458912849426270e-01
5.460500717163085938e-01 4.952595829963684082e-01
5.929948687553405762e-01 4.831786751747131348e-01
5.982121229171752930e-01 4.988743960857391357e-01
5.043349266052246094e-01 4.900954961776733398e-01
5.119887590408325195e-01 4.909532666206359863e-01
6.037616729736328125e-01 4.730221629142761230e-01
6.092909574508666992e-01 4.994072914123535156e-01
6.960446238517761230e-01 4.912294149398803711e-01
7.041267156600952148e-01 5.224409103393554688e-01
7.810692787170410156e-01 5.103179812431335449e-01
8.404657840728759766e-01 5.364935398101806641e-01
