5.372990965843200684e-01 4.847388863563537598e-01
5.337538719177246094e-01 4.877099692821502686e-01
5.315926671028137207e-01 4.789979159832000732e-01
5.398991107940673828e-01 4.852046370506286621e-01
5.409291386604309082e-01 4.703283309936523438e-01
5.739395618438720703e-01 4.901715219020843506e-01
5.831068754196166992e-01 4.484792649745941162e-01
6.192407011985778809e-01 4.869986474514007568e-01
6.452605724334716797e-01 4.222966432571411133e-01
5.442994236946105957e-01 5.084698796272277832e-01
6.870493292808532715e-01 4.250153005123138428e-01
7.028974294662475586e-01 4.706992805004119873e-01
7.049939632415771484e-01 4.473791122436523438e-01
7.899770140647888184e-01 4.634972214698791504e-01
7.941628694534301758e-01 4.441981911659240723e-01
8.729624748229980469e-01 4.490449428558349609e-01
8.657588958740234375e-01 4.330252110958099365e-01
