5.696648359298706055e-01 6.540167927742004395e-01
5.587254762649536133e-01 6.489199399948120117e-01
5.588315725326538086e-01 6.530162096023559570e-01
5.565160512924194336e-01 6.274478435516357422e-01
5.566158890724182129e-01 6.449221372604370117e-01
5.974632501602172852e-01 5.949342846870422363e-01
6.038854718208312988e-01 6.322727203369140625e-01
6.877698302268981934e-01 5.759980082511901855e-01
6.981890201568603516e-01 6.125249862670898438e-01
7.546295523643493652e-01 5.618844032287597656e-01
7.564439773559570312e-01 5.910727977752685547e-01
7.301349639892578125e-01 5.656498670578002930e-01
7.348258495330810547e-01 5.834996700286865234e-01
8.396270275115966797e-01 5.512382984161376953e-01
8.559033870697021484e-01 5.753179788589477539e-01
9.603161811828613281e-01 5.547121763229370117e-01
9.721903800964355469e-01 5.821443796157836914e-01
