5.405197143554687500e-01 4.752259254455566406e-01
5.242568254470825195e-01 4.915432333946228027e-01
5.252445936203002930e-01 4.654195010662078857e-01
5.404629707336425781e-01 5.026098489761352539e-01
5.435254573822021484e-01 4.408494234085083008e-01
5.711555480957031250e-01 5.094884634017944336e-01
5.666542053222656250e-01 4.322739541530609131e-01
5.634633302688598633e-01 5.113831758499145508e-01
5.508612394332885742e-01 3.620013892650604248e-01
4.924878776073455811e-01 5.131952762603759766e-01
4.931751489639282227e-01 3.730466067790985107e-01
6.834952235221862793e-01 4.695726633071899414e-01
6.549399495124816895e-01 4.295061826705932617e-01
7.945365905761718750e-01 4.720563888549804688e-01
7.867248058319091797e-01 4.642362296581268311e-01
9.192125797271728516e-01 4.234358668327331543e-01
9.103021621704101562e-01 4.230509400367736816e-01
