5.391818284988403320e-01 5.036255121231079102e-01
5.363433361053466797e-01 5.065387487411499023e-01
5.329703092575073242e-01 4.982978701591491699e-01
5.411167144775390625e-01 5.006186962127685547e-01
5.329533815383911133e-01 4.859229326248168945e-01
5.769311189651489258e-01 4.917628467082977295e-01
5.754333138465881348e-01 4.732626676559448242e-01
6.266433000564575195e-01 4.804638326168060303e-01
6.301751732826232910e-01 4.407151639461517334e-01
6.344444751739501953e-01 4.850109517574310303e-01
6.834578514099121094e-01 4.387535750865936279e-01
6.843841075897216797e-01 4.628677070140838623e-01
6.827702522277832031e-01 4.489009976387023926e-01
7.636483907699584961e-01 4.581998288631439209e-01
7.718535661697387695e-01 4.480519890785217285e-01
8.485977649688720703e-01 4.401448369026184082e-01
8.527789115905761719e-01 4.309856295585632324e-01
