5.309554338455200195e-01 4.961197078227996826e-01
5.274319648742675781e-01 4.944661855697631836e-01
5.264817476272583008e-01 4.974070191383361816e-01
5.313576459884643555e-01 4.956995844841003418e-01
5.338697433471679688e-01 4.912229776382446289e-01
5.601341128349304199e-01 5.025865435600280762e-01
5.668096542358398438e-01 4.874641895294189453e-01
6.375244259834289551e-01 5.090884566307067871e-01
6.314733028411865234e-01 4.887646138668060303e-01
6.751569509506225586e-01 5.129199028015136719e-01
6.749631762504577637e-01 5.030188560485839844e-01
6.785818338394165039e-01 5.078999400138854980e-01
6.792349815368652344e-01 5.018860101699829102e-01
7.608364820480346680e-01 5.193569660186767578e-01
7.636851072311401367e-01 5.195002555847167969e-01
8.524094820022583008e-01 5.394670963287353516e-01
8.518933653831481934e-01 5.358611941337585449e-01
