5.765490531921386719e-01 4.997883737087249756e-01
5.672014355659484863e-01 5.008684396743774414e-01
5.688658952713012695e-01 4.979542493820190430e-01
5.726361274719238281e-01 5.074789524078369141e-01
5.743547677993774414e-01 4.991784691810607910e-01
6.132463216781616211e-01 5.136469602584838867e-01
6.222991943359375000e-01 4.892662465572357178e-01
6.282346248626708984e-01 5.043936967849731445e-01
6.537643074989318848e-01 4.725856184959411621e-01
6.165408492088317871e-01 4.758068323135375977e-01
6.591940522193908691e-01 4.549497961997985840e-01
7.507675886154174805e-01 5.069373250007629395e-01
7.522473335266113281e-01 4.941697716712951660e-01
8.436042666435241699e-01 4.956003129482269287e-01
8.527849912643432617e-01 4.912008643150329590e-01
9.119346141815185547e-01 4.908848702907562256e-01
9.183465838432312012e-01 4.867043495178222656e-01
