5.376322269439697266e-01 4.957058131694793701e-01
5.325136780738830566e-01 5.003970861434936523e-01
5.307973623275756836e-01 4.898880124092102051e-01
5.371100902557373047e-01 5.098490118980407715e-01
5.355118513107299805e-01 4.793823659420013428e-01
5.803313851356506348e-01 5.187277793884277344e-01
5.782819390296936035e-01 4.667906761169433594e-01
6.374206542968750000e-01 5.218355059623718262e-01
6.321814060211181641e-01 4.450928568840026855e-01
6.864584684371948242e-01 5.101572871208190918e-01
6.825095415115356445e-01 4.557129740715026855e-01
6.881645917892456055e-01 5.119191408157348633e-01
6.857625842094421387e-01 4.767521619796752930e-01
7.825116515159606934e-01 5.106669664382934570e-01
7.848740816116333008e-01 4.812398552894592285e-01
8.629994392395019531e-01 5.177477598190307617e-01
8.631215095520019531e-01 4.837212562561035156e-01
