6.337459683418273926e-01 6.341462731361389160e-01
6.253092885017395020e-01 6.318559646606445312e-01
6.257228255271911621e-01 6.366887092590332031e-01
6.285001635551452637e-01 6.234381198883056641e-01
6.275740861892700195e-01 6.333764791488647461e-01
6.583065986633300781e-01 6.135267019271850586e-01
6.643180847167968750e-01 6.213425993919372559e-01
6.758930683135986328e-01 5.999836921691894531e-01
6.811282634735107422e-01 6.169470548629760742e-01
6.197568774223327637e-01 6.229319572448730469e-01
6.208416819572448730e-01 6.251156926155090332e-01
7.662404775619506836e-01 5.824443697929382324e-01
7.633785605430603027e-01 5.909516811370849609e-01
8.478034734725952148e-01 5.597241520881652832e-01
8.534130454063415527e-01 5.625504851341247559e-01
9.573699831962585449e-01 5.468485355377197266e-01
9.596394896507263184e-01 5.503700375556945801e-01
