6.421406269073486328e-01 6.172506809234619141e-01
6.373695135116577148e-01 6.154324412345886230e-01
6.338051557540893555e-01 6.212623119354248047e-01
6.372988224029541016e-01 6.110454201698303223e-01
6.379898786544799805e-01 6.197545528411865234e-01
6.624425053596496582e-01 5.927804112434387207e-01
6.692188978195190430e-01 6.106636524200439453e-01
6.809338927268981934e-01 5.697709918022155762e-01
6.873070597648620605e-01 5.932084321975708008e-01
6.353086233139038086e-01 6.023513674736022949e-01
6.365886330604553223e-01 6.078619956970214844e-01
7.691956758499145508e-01 5.425255298614501953e-01
7.694889307022094727e-01 5.550580024719238281e-01
8.503398895263671875e-01 5.208119750022888184e-01
8.560582399368286133e-01 5.283043384552001953e-01
9.494074583053588867e-01 5.291586518287658691e-01
9.410711526870727539e-01 5.406072139739990234e-01
