5.104779005050659180e-01 5.010657310485839844e-01
5.053833723068237305e-01 5.018219947814941406e-01
5.082244277000427246e-01 5.012392997741699219e-01
5.064991712570190430e-01 5.003834366798400879e-01
5.110543966293334961e-01 4.960008561611175537e-01
5.396865606307983398e-01 4.990069866180419922e-01
5.403132438659667969e-01 4.902439117431640625e-01
6.048763990402221680e-01 5.165160894393920898e-01
6.103557348251342773e-01 5.236108303070068359e-01
6.346675157546997070e-01 5.369652509689331055e-01
6.376343965530395508e-01 5.347990989685058594e-01
6.263917684555053711e-01 5.032433271408081055e-01
6.287953853607177734e-01 5.039858222007751465e-01
6.853451132774353027e-01 5.162955522537231445e-01
6.879526972770690918e-01 5.329495668411254883e-01
8.047534823417663574e-01 5.511959195137023926e-01
8.168107867240905762e-01 5.584256052970886230e-01
