6.091766953468322754e-01 6.331590414047241211e-01
6.011457443237304688e-01 6.309802532196044922e-01
6.032732129096984863e-01 6.395596265792846680e-01
6.057723164558410645e-01 6.335864663124084473e-01
6.100289821624755859e-01 6.465311050415039062e-01
6.411333084106445312e-01 6.186804175376892090e-01
6.408168077468872070e-01 6.398041248321533203e-01
6.717020273208618164e-01 6.028996706008911133e-01
6.948143839836120605e-01 6.332833766937255859e-01
6.076637506484985352e-01 5.757061243057250977e-01
6.033636331558227539e-01 6.197088360786437988e-01
7.497528791427612305e-01 5.942267775535583496e-01
7.508062124252319336e-01 6.118259429931640625e-01
8.482577800750732422e-01 5.763008594512939453e-01
8.479353785514831543e-01 5.899018049240112305e-01
9.709349870681762695e-01 5.837149620056152344e-01
9.641983509063720703e-01 5.875949859619140625e-01
