6.177296042442321777e-01 6.651505827903747559e-01
6.094057559967041016e-01 6.629488468170166016e-01
6.108252406120300293e-01 6.663494110107421875e-01
6.082528829574584961e-01 6.467349529266357422e-01
6.093975305557250977e-01 6.534734964370727539e-01
6.249895691871643066e-01 6.121956110000610352e-01
6.381806135177612305e-01 6.427072286605834961e-01
6.819931864738464355e-01 5.746292471885681152e-01
6.818076968193054199e-01 6.246657371520996094e-01
7.139706611633300781e-01 5.741688013076782227e-01
7.340673208236694336e-01 5.971070528030395508e-01
7.106863260269165039e-01 5.547295808792114258e-01
7.167201042175292969e-01 5.773257613182067871e-01
8.273754119873046875e-01 5.546067953109741211e-01
8.385526537895202637e-01 5.789979696273803711e-01
9.052941799163818359e-01 5.206425189971923828e-01
9.157426357269287109e-01 5.362093448638916016e-01
