5.805314779281616211e-01 4.937131106853485107e-01
5.688149333000183105e-01 4.981816411018371582e-01
5.694056153297424316e-01 4.886702001094818115e-01
5.785896778106689453e-01 5.002008676528930664e-01
5.792477130889892578e-01 4.805485606193542480e-01
6.111677885055541992e-01 5.021528005599975586e-01
6.195368766784667969e-01 4.734018445014953613e-01
5.633190870285034180e-01 5.123810768127441406e-01
6.323750019073486328e-01 4.639287889003753662e-01
5.072230696678161621e-01 4.975523948669433594e-01
6.716192960739135742e-01 4.250056445598602295e-01
7.326492667198181152e-01 5.012552142143249512e-01
7.383919954299926758e-01 4.897161424160003662e-01
8.265340328216552734e-01 4.931740462779998779e-01
8.408011198043823242e-01 4.910193085670471191e-01
8.992699980735778809e-01 4.852679669857025146e-01
9.125733375549316406e-01 4.817422330379486084e-01
