4.674345850944519043e-01 4.801182150840759277e-01
4.925020337104797363e-01 4.880465865135192871e-01
4.917232692241668701e-01 4.812693595886230469e-01
5.186427831649780273e-01 4.812376499176025391e-01
5.165677070617675781e-01 4.689027070999145508e-01
4.441557526588439941e-01 4.387225508689880371e-01
4.464182853698730469e-01 4.104648828506469727e-01
4.302195310592651367e-01 4.739361405372619629e-01
4.213649630546569824e-01 4.575259685516357422e-01
4.741550087928771973e-01 4.911170899868011475e-01
5.037036538124084473e-01 4.900209307670593262e-01
4.004460275173187256e-01 4.228397309780120850e-01
4.176487922668457031e-01 4.023910164833068848e-01
5.135182142257690430e-01 4.990721642971038818e-01
5.184439420700073242e-01 4.950867593288421631e-01
5.166176557540893555e-01 4.925171136856079102e-01
5.181177854537963867e-01 4.959667325019836426e-01
