5.259455442428588867e-01 4.988330304622650146e-01
5.172789096832275391e-01 4.953240752220153809e-01
5.173690319061279297e-01 4.974256753921508789e-01
5.144919753074645996e-01 4.868339002132415771e-01
5.140370130538940430e-01 4.905328452587127686e-01
5.461584925651550293e-01 4.823157191276550293e-01
5.530737638473510742e-01 4.816598296165466309e-01
6.290658712387084961e-01 4.895023703575134277e-01
6.259796619415283203e-01 4.970427155494689941e-01
6.499042510986328125e-01 5.150535702705383301e-01
6.612524390220642090e-01 5.198994874954223633e-01
6.492090821266174316e-01 4.688899219036102295e-01
6.512231230735778809e-01 4.761745333671569824e-01
7.186638116836547852e-01 4.752502441406250000e-01
7.254152297973632812e-01 5.015416741371154785e-01
8.248378634452819824e-01 4.717856049537658691e-01
8.334368467330932617e-01 4.877601861953735352e-01
