5.790627002716064453e-01 6.211689114570617676e-01
5.741682052612304688e-01 6.149857640266418457e-01
5.744752287864685059e-01 6.276996135711669922e-01
5.802559852600097656e-01 6.207661032676696777e-01
5.785708427429199219e-01 6.498820781707763672e-01
6.196166276931762695e-01 6.149060726165771484e-01
6.156002283096313477e-01 6.541808247566223145e-01
6.711480617523193359e-01 6.046693325042724609e-01
6.737126708030700684e-01 6.550753116607666016e-01
7.168672084808349609e-01 5.769842863082885742e-01
7.143309116363525391e-01 6.325082182884216309e-01
7.247275114059448242e-01 6.176409721374511719e-01
7.232092618942260742e-01 6.424418687820434570e-01
8.187733888626098633e-01 6.092919707298278809e-01
8.168635368347167969e-01 6.335757970809936523e-01
9.408740997314453125e-01 6.257291436195373535e-01
9.403314590454101562e-01 6.495004296302795410e-01
