5.087971687316894531e-01 6.260235905647277832e-01
5.049432516098022461e-01 6.292834281921386719e-01
5.030084252357482910e-01 6.233665347099304199e-01
5.097591876983642578e-01 6.212442517280578613e-01
5.066182613372802734e-01 6.073969602584838867e-01
5.298160910606384277e-01 6.065557003021240234e-01
5.324193239212036133e-01 5.835359692573547363e-01
5.415846109390258789e-01 6.637197136878967285e-01
5.421324372291564941e-01 6.134653091430664062e-01
5.717566013336181641e-01 7.251347303390502930e-01
5.491823554039001465e-01 6.919683218002319336e-01
6.552757024765014648e-01 5.606464147567749023e-01
6.534594297409057617e-01 5.432156324386596680e-01
7.403056025505065918e-01 5.671457648277282715e-01
7.493960261344909668e-01 5.527372956275939941e-01
8.306913375854492188e-01 5.521109104156494141e-01
8.425341844558715820e-01 5.424944758415222168e-01
