6.074815392494201660e-01 5.036664009094238281e-01
5.972958207130432129e-01 5.047937035560607910e-01
5.971198081970214844e-01 5.008299946784973145e-01
6.005368232727050781e-01 5.156027078628540039e-01
5.962834954261779785e-01 5.061244964599609375e-01
6.259884238243103027e-01 5.310212373733520508e-01
6.265377998352050781e-01 5.239600539207458496e-01
6.608890295028686523e-01 5.207481384277343750e-01
6.769079566001892090e-01 5.237023830413818359e-01
6.553117632865905762e-01 4.765686988830566406e-01
6.555132865905761719e-01 4.725354313850402832e-01
7.446458339691162109e-01 5.474173426628112793e-01
7.452356815338134766e-01 5.470526814460754395e-01
8.231479525566101074e-01 5.462937951087951660e-01
8.408748507499694824e-01 5.508491992950439453e-01
9.118878841400146484e-01 5.478627085685729980e-01
9.215110540390014648e-01 5.475184917449951172e-01
