5.989192724227905273e-01 5.959014892578125000e-01
5.976724624633789062e-01 5.996949672698974609e-01
5.947400331497192383e-01 5.992686748504638672e-01
6.000977158546447754e-01 5.883843898773193359e-01
5.936216115951538086e-01 5.852658748626708984e-01
5.929455161094665527e-01 5.759801268577575684e-01
6.018497943878173828e-01 5.440500974655151367e-01
5.862378478050231934e-01 6.110734939575195312e-01
6.192850470542907715e-01 5.638819932937622070e-01
6.208208799362182617e-01 7.142652869224548340e-01
6.136850118637084961e-01 5.618059635162353516e-01
6.615927815437316895e-01 5.169582366943359375e-01
6.614834666252136230e-01 5.023801326751708984e-01
7.715883255004882812e-01 5.179005265235900879e-01
7.886441946029663086e-01 4.947422742843627930e-01
8.841497898101806641e-01 4.881739020347595215e-01
8.994571566581726074e-01 4.773043096065521240e-01
