5.240821838378906250e-01 4.965381324291229248e-01
5.185741782188415527e-01 4.994668960571289062e-01
5.173741579055786133e-01 4.996604919433593750e-01
5.195808410644531250e-01 4.944156110286712646e-01
5.182781815528869629e-01 4.837664961814880371e-01
5.546547174453735352e-01 4.917365908622741699e-01
5.546007156372070312e-01 4.626049399375915527e-01
6.231784224510192871e-01 4.897390604019165039e-01
6.233657598495483398e-01 4.508856534957885742e-01
6.604325175285339355e-01 5.142647624015808105e-01
6.573356389999389648e-01 4.625509679317474365e-01
6.566724181175231934e-01 4.612528085708618164e-01
6.572204232215881348e-01 4.452173113822937012e-01
7.325633764266967773e-01 4.585463702678680420e-01
7.363538742065429688e-01 4.563427567481994629e-01
8.254596590995788574e-01 4.433272480964660645e-01
8.255969882011413574e-01 4.386747479438781738e-01
