4.617094397544860840e-01 4.863136410713195801e-01
4.607188403606414795e-01 4.833853840827941895e-01
4.639264047145843506e-01 4.846733808517456055e-01
4.674172997474670410e-01 4.832033514976501465e-01
4.738331735134124756e-01 4.828221499919891357e-01
4.858120083808898926e-01 4.798752963542938232e-01
4.914981722831726074e-01 4.924989938735961914e-01
4.898614585399627686e-01 4.932087659835815430e-01
4.900611042976379395e-01 4.944452941417694092e-01
4.948557317256927490e-01 4.941466450691223145e-01
4.970412850379943848e-01 4.952806830406188965e-01
5.412029027938842773e-01 4.730921387672424316e-01
5.492635965347290039e-01 5.047130584716796875e-01
6.647213697433471680e-01 4.951912760734558105e-01
6.714550852775573730e-01 5.153602957725524902e-01
7.030556201934814453e-01 4.663674831390380859e-01
6.946119666099548340e-01 4.707794189453125000e-01
