4.050315618515014648e-01 6.154170036315917969e-01
4.056359231472015381e-01 6.216005086898803711e-01
4.356991648674011230e-01 6.058191657066345215e-01
4.166986644268035889e-01 6.152740716934204102e-01
4.260235726833343506e-01 5.883904695510864258e-01
4.479568004608154297e-01 6.060547828674316406e-01
4.612754285335540771e-01 5.572596192359924316e-01
5.002100467681884766e-01 5.887079238891601562e-01
5.119287371635437012e-01 5.729690790176391602e-01
4.563722312450408936e-01 6.059070825576782227e-01
4.873283505439758301e-01 6.007685661315917969e-01
5.463061332702636719e-01 5.806050300598144531e-01
5.480337142944335938e-01 5.488583445549011230e-01
7.244145274162292480e-01 5.601255297660827637e-01
7.268459796905517578e-01 5.508906245231628418e-01
8.176013231277465820e-01 5.454111099243164062e-01
8.087217807769775391e-01 5.417881608009338379e-01
