6.042779088020324707e-01 6.528640389442443848e-01
5.956392288208007812e-01 6.459389925003051758e-01
5.970954895019531250e-01 6.553085446357727051e-01
5.998665690422058105e-01 6.353818178176879883e-01
6.021168231964111328e-01 6.498391032218933105e-01
6.353522539138793945e-01 6.192454099655151367e-01
6.397310495376586914e-01 6.444184780120849609e-01
6.953425407409667969e-01 6.054034829139709473e-01
6.970767378807067871e-01 6.336584091186523438e-01
7.130181193351745605e-01 6.051777601242065430e-01
7.405619025230407715e-01 6.166919469833374023e-01
7.491962909698486328e-01 5.848982334136962891e-01
7.529767751693725586e-01 6.021208763122558594e-01
8.696424961090087891e-01 5.774695873260498047e-01
8.709967136383056641e-01 5.991187691688537598e-01
9.751941561698913574e-01 5.751076936721801758e-01
9.761922359466552734e-01 6.068902015686035156e-01
