5.283267498016357422e-01 5.261014103889465332e-01
5.268838405609130859e-01 5.215200185775756836e-01
5.239390134811401367e-01 5.274451971054077148e-01
5.305696725845336914e-01 5.074786543846130371e-01
5.289891958236694336e-01 5.178579092025756836e-01
5.713785290718078613e-01 4.992997646331787109e-01
5.723459124565124512e-01 5.110081434249877930e-01
6.548124551773071289e-01 4.976844191551208496e-01
6.562620997428894043e-01 5.192523002624511719e-01
6.967844963073730469e-01 5.166077613830566406e-01
6.991775035858154297e-01 5.285315513610839844e-01
7.061405181884765625e-01 5.096484422683715820e-01
7.079211473464965820e-01 5.252478718757629395e-01
7.952305674552917480e-01 5.262669324874877930e-01
7.973800897598266602e-01 5.420831441879272461e-01
8.783611655235290527e-01 5.313006043434143066e-01
8.815717101097106934e-01 5.490254163742065430e-01
