5.174505710601806641e-01 6.455050110816955566e-01
5.123057961463928223e-01 6.394668817520141602e-01
5.110168457031250000e-01 6.433721780776977539e-01
5.227689743041992188e-01 6.174744963645935059e-01
5.154409408569335938e-01 6.233842372894287109e-01
5.533320903778076172e-01 6.047276258468627930e-01
5.572774410247802734e-01 6.191633939743041992e-01
6.183860301971435547e-01 5.930600166320800781e-01
6.229310631752014160e-01 6.288514137268066406e-01
6.521522998809814453e-01 6.288607120513916016e-01
6.681656241416931152e-01 6.464554071426391602e-01
6.656446456909179688e-01 5.709137320518493652e-01
6.661511659622192383e-01 5.881056189537048340e-01
7.445821762084960938e-01 5.750642418861389160e-01
7.513709068298339844e-01 5.951570868492126465e-01
8.443609476089477539e-01 5.685403943061828613e-01
8.489233851432800293e-01 5.694122314453125000e-01
