5.438494682312011719e-01 4.994868040084838867e-01
5.369296073913574219e-01 5.002599954605102539e-01
5.381056070327758789e-01 4.979440569877624512e-01
5.383270978927612305e-01 4.978497028350830078e-01
5.424101948738098145e-01 4.919855296611785889e-01
5.706708431243896484e-01 5.035970211029052734e-01
5.776575803756713867e-01 4.795199036598205566e-01
6.458935737609863281e-01 5.145928859710693359e-01
6.455273628234863281e-01 4.857800900936126709e-01
6.852683424949645996e-01 5.275698900222778320e-01
6.867771148681640625e-01 5.064135789871215820e-01
6.934412717819213867e-01 5.064558982849121094e-01
6.949691772460937500e-01 4.973100125789642334e-01
7.803840041160583496e-01 5.202479362487792969e-01
7.825878858566284180e-01 5.187776684761047363e-01
8.725198507308959961e-01 5.443502664566040039e-01
8.741573095321655273e-01 5.342741012573242188e-01
