5.487249493598937988e-01 5.009466409683227539e-01
5.407414436340332031e-01 4.953748583793640137e-01
5.424268841743469238e-01 4.984780251979827881e-01
5.490727424621582031e-01 4.836480617523193359e-01
5.524816513061523438e-01 4.885863959789276123e-01
5.872477293014526367e-01 4.899923205375671387e-01
5.988402366638183594e-01 4.882272481918334961e-01
6.472382545471191406e-01 4.728601574897766113e-01
6.591885089874267578e-01 4.688695371150970459e-01
6.818499565124511719e-01 4.659378230571746826e-01
6.877967715263366699e-01 4.636600613594055176e-01
7.134071588516235352e-01 5.037829875946044922e-01
7.156726717948913574e-01 4.988710284233093262e-01
7.880244255065917969e-01 5.077708959579467773e-01
8.007270097732543945e-01 5.031783580780029297e-01
8.683222532272338867e-01 5.019080042839050293e-01
8.831523656845092773e-01 5.016587972640991211e-01
