5.409889221191406250e-01 4.997572898864746094e-01
5.378190875053405762e-01 5.048419237136840820e-01
5.357266068458557129e-01 4.962386786937713623e-01
5.402064323425292969e-01 5.054719448089599609e-01
5.343729257583618164e-01 4.904553592205047607e-01
5.768835544586181641e-01 5.063443779945373535e-01
5.766071677207946777e-01 4.775459170341491699e-01
6.284295320510864258e-01 4.969834983348846436e-01
6.262470483779907227e-01 4.611299633979797363e-01
5.624518394470214844e-01 5.176221728324890137e-01
6.815137267112731934e-01 4.673790931701660156e-01
6.896328330039978027e-01 4.872750937938690186e-01
6.905248165130615234e-01 4.753272533416748047e-01
7.789756655693054199e-01 4.892199933528900146e-01
7.869750857353210449e-01 4.798770844936370850e-01
8.618776798248291016e-01 4.824579656124114990e-01
8.710696101188659668e-01 4.785803556442260742e-01
