5.909652709960937500e-01 6.396181583404541016e-01
5.801755189895629883e-01 6.364283561706542969e-01
5.831466913223266602e-01 6.456491947174072266e-01
5.793832540512084961e-01 6.382172107696533203e-01
5.827741622924804688e-01 6.572560667991638184e-01
6.196874380111694336e-01 6.365758180618286133e-01
6.194397211074829102e-01 6.632040143013000488e-01
6.634340286254882812e-01 6.147631406784057617e-01
6.552819013595581055e-01 6.649805307388305664e-01
7.076961398124694824e-01 5.994740724563598633e-01
5.842713117599487305e-01 6.450784802436828613e-01
7.250782251358032227e-01 6.285846829414367676e-01
7.254454493522644043e-01 6.526263356208801270e-01
8.277930021286010742e-01 6.295368075370788574e-01
8.241216540336608887e-01 6.404324769973754883e-01
9.505634307861328125e-01 6.477894186973571777e-01
9.384901523590087891e-01 6.553902626037597656e-01
