5.816814899444580078e-01 4.946533441543579102e-01
5.669935345649719238e-01 4.959865808486938477e-01
5.690473318099975586e-01 4.907501935958862305e-01
5.760631561279296875e-01 5.004696249961853027e-01
5.780500173568725586e-01 4.875460863113403320e-01
6.115071177482604980e-01 5.087466239929199219e-01
6.151285171508789062e-01 4.953846633434295654e-01
5.902333259582519531e-01 5.151596069335937500e-01
6.095169782638549805e-01 5.066100358963012695e-01
5.467803478240966797e-01 4.986033141613006592e-01
5.490269064903259277e-01 4.967359304428100586e-01
7.263804674148559570e-01 5.237777233123779297e-01
7.357891798019409180e-01 5.211665630340576172e-01
8.083883523941040039e-01 5.199698209762573242e-01
8.172056674957275391e-01 5.260936021804809570e-01
9.021558761596679688e-01 5.130764245986938477e-01
9.071592092514038086e-01 5.136213302612304688e-01
