5.669592618942260742e-01 4.950361847877502441e-01
5.561335086822509766e-01 4.991216659545898438e-01
5.609961152076721191e-01 4.975881278514862061e-01
5.689235925674438477e-01 4.973968863487243652e-01
5.705300569534301758e-01 4.849292933940887451e-01
5.963420271873474121e-01 5.079951286315917969e-01
6.156331896781921387e-01 4.758572280406951904e-01
5.713553428649902344e-01 5.167859792709350586e-01
6.550809741020202637e-01 4.612908363342285156e-01
5.266292691230773926e-01 5.116532444953918457e-01
6.642187237739562988e-01 4.484486281871795654e-01
7.220718264579772949e-01 5.080968737602233887e-01
7.255777716636657715e-01 4.867175519466400146e-01
8.097852468490600586e-01 4.981782138347625732e-01
8.166062831878662109e-01 4.807757735252380371e-01
8.965948820114135742e-01 4.938856065273284912e-01
8.960079550743103027e-01 4.715982377529144287e-01
