5.345930457115173340e-01 6.464229822158813477e-01
5.317649841308593750e-01 6.443203687667846680e-01
5.304677486419677734e-01 6.433649063110351562e-01
5.347617864608764648e-01 6.250914335250854492e-01
5.299043059349060059e-01 6.229794025421142578e-01
5.656105279922485352e-01 6.153524518013000488e-01
5.709308981895446777e-01 6.032518148422241211e-01
6.448320150375366211e-01 6.139632463455200195e-01
6.501322984695434570e-01 5.879520177841186523e-01
7.086468935012817383e-01 6.354390382766723633e-01
7.116817235946655273e-01 6.216821074485778809e-01
6.836847662925720215e-01 5.803339481353759766e-01
6.814451217651367188e-01 5.686832070350646973e-01
7.698985934257507324e-01 5.856070518493652344e-01
7.785004377365112305e-01 5.621681213378906250e-01
8.723523616790771484e-01 5.613718032836914062e-01
8.514642715454101562e-01 5.224899053573608398e-01
