5.383051037788391113e-01 4.935569167137145996e-01
5.359820127487182617e-01 4.931355714797973633e-01
5.325944423675537109e-01 4.934987723827362061e-01
5.387923121452331543e-01 4.932432770729064941e-01
5.385229587554931641e-01 4.916509985923767090e-01
5.720087289810180664e-01 4.921149611473083496e-01
5.786511898040771484e-01 4.859953820705413818e-01
6.439031362533569336e-01 4.873342514038085938e-01
6.428378224372863770e-01 4.881989955902099609e-01
6.815282106399536133e-01 4.953761100769042969e-01
6.826170682907104492e-01 4.986512660980224609e-01
6.828154921531677246e-01 4.884175062179565430e-01
6.835567355155944824e-01 4.931395053863525391e-01
7.640218734741210938e-01 4.888808727264404297e-01
7.674292325973510742e-01 5.025117397308349609e-01
8.548177480697631836e-01 5.009717345237731934e-01
8.560869693756103516e-01 5.085579156875610352e-01
