6.194550395011901855e-01 6.225523352622985840e-01
6.145271062850952148e-01 6.228110194206237793e-01
6.125590205192565918e-01 6.212432980537414551e-01
6.210392713546752930e-01 6.332195997238159180e-01
6.167718172073364258e-01 6.288447380065917969e-01
6.586716771125793457e-01 6.278574466705322266e-01
6.505550742149353027e-01 6.093977093696594238e-01
6.937863826751708984e-01 6.124855279922485352e-01
6.563799381256103516e-01 5.816089510917663574e-01
6.152733564376831055e-01 6.189881563186645508e-01
5.750166177749633789e-01 5.545559525489807129e-01
7.612390518188476562e-01 5.925266742706298828e-01
7.575508356094360352e-01 5.830020308494567871e-01
8.567820787429809570e-01 5.765795707702636719e-01
8.511004447937011719e-01 5.592840909957885742e-01
9.739966392517089844e-01 5.596055984497070312e-01
9.735426306724548340e-01 5.534012913703918457e-01
