4.386034905910491943e-01 5.608577728271484375e-01
4.250653386116027832e-01 5.624320507049560547e-01
4.245400428771972656e-01 5.480027198791503906e-01
4.215927124023437500e-01 5.670572519302368164e-01
4.228706359863281250e-01 5.345618128776550293e-01
4.535847604274749756e-01 5.827058553695678711e-01
4.515222907066345215e-01 5.255840420722961426e-01
4.949775636196136475e-01 5.797843933105468750e-01
4.503681659698486328e-01 4.986523091793060303e-01
4.385461509227752686e-01 5.860142111778259277e-01
3.936023116111755371e-01 4.847252070903778076e-01
5.534533262252807617e-01 5.740801095962524414e-01
5.539442300796508789e-01 5.333627462387084961e-01
6.997593641281127930e-01 5.577580928802490234e-01
6.991764903068542480e-01 5.424752235412597656e-01
8.148652911186218262e-01 5.509480237960815430e-01
8.022425174713134766e-01 5.383924245834350586e-01
