5.943812131881713867e-01 6.713533401489257812e-01
5.860172510147094727e-01 6.642888784408569336e-01
5.867649316787719727e-01 6.631880402565002441e-01
5.815978646278381348e-01 6.434701085090637207e-01
5.821677446365356445e-01 6.532702445983886719e-01
6.096036434173583984e-01 6.156169176101684570e-01
6.222239732742309570e-01 6.460444927215576172e-01
6.716379523277282715e-01 6.071798801422119141e-01
6.842226386070251465e-01 6.469318866729736328e-01
7.254127264022827148e-01 6.168716549873352051e-01
7.221882343292236328e-01 6.342319250106811523e-01
7.149068713188171387e-01 5.796599984169006348e-01
7.206589579582214355e-01 6.089547872543334961e-01
8.259863853454589844e-01 5.782643556594848633e-01
8.392107486724853516e-01 6.042103171348571777e-01
9.233353137969970703e-01 5.629347562789916992e-01
9.596868753433227539e-01 5.901077389717102051e-01
