5.429011583328247070e-01 5.152344703674316406e-01
5.381580591201782227e-01 5.179073214530944824e-01
5.396251082420349121e-01 5.093756914138793945e-01
5.370020270347595215e-01 5.150883197784423828e-01
5.402176380157470703e-01 4.952024817466735840e-01
5.725185871124267578e-01 5.209117531776428223e-01
5.787408351898193359e-01 4.900383651256561279e-01
6.333835721015930176e-01 5.374997854232788086e-01
6.409265398979187012e-01 5.015795230865478516e-01
6.745187640190124512e-01 5.478298068046569824e-01
6.785706281661987305e-01 5.163545608520507812e-01
6.784633994102478027e-01 5.355378985404968262e-01
6.790056228637695312e-01 5.166351795196533203e-01
7.556080222129821777e-01 5.530794858932495117e-01
7.588971853256225586e-01 5.460722446441650391e-01
8.631560206413269043e-01 5.834637880325317383e-01
8.641451597213745117e-01 5.813198685646057129e-01
