4.301756620407104492e-01 4.941427111625671387e-01
4.301133155822753906e-01 4.954156577587127686e-01
4.356337487697601318e-01 4.917047023773193359e-01
4.426757693290710449e-01 4.895277023315429688e-01
4.534051120281219482e-01 4.819566607475280762e-01
4.497389495372772217e-01 4.854562878608703613e-01
4.689721465110778809e-01 4.677960574626922607e-01
4.456301927566528320e-01 4.930037856101989746e-01
4.527518749237060547e-01 4.115901589393615723e-01
4.719148576259613037e-01 4.830400347709655762e-01
4.714703559875488281e-01 4.220819473266601562e-01
5.356528759002685547e-01 5.023183822631835938e-01
5.330315828323364258e-01 4.707287251949310303e-01
7.452592849731445312e-01 5.327743291854858398e-01
7.544839382171630859e-01 5.360774993896484375e-01
9.133861064910888672e-01 5.122903585433959961e-01
9.211485385894775391e-01 5.126709938049316406e-01
