4.207217693328857422e-01 5.568881034851074219e-01
4.096004664897918701e-01 5.575258135795593262e-01
4.107856452465057373e-01 5.442930459976196289e-01
4.061768651008605957e-01 5.614810585975646973e-01
4.097462892532348633e-01 5.341516137123107910e-01
4.355068206787109375e-01 5.791444778442382812e-01
4.399270415306091309e-01 5.283079147338867188e-01
5.008677244186401367e-01 5.825901031494140625e-01
4.774706959724426270e-01 5.202262997627258301e-01
5.098398327827453613e-01 6.062686443328857422e-01
3.903201818466186523e-01 4.808627367019653320e-01
5.447136163711547852e-01 5.738582611083984375e-01
5.392443537712097168e-01 5.357820987701416016e-01
6.909242868423461914e-01 5.583353042602539062e-01
6.831307411193847656e-01 5.446419715881347656e-01
8.138163089752197266e-01 5.500236153602600098e-01
8.004564642906188965e-01 5.417953729629516602e-01
