5.368303060531616211e-01 5.431671142578125000e-01
5.210416913032531738e-01 5.447493791580200195e-01
5.236882567405700684e-01 5.438681244850158691e-01
5.255123376846313477e-01 5.465793609619140625e-01
5.297121405601501465e-01 5.448126792907714844e-01
5.634905695915222168e-01 5.453398227691650391e-01
5.795229077339172363e-01 5.633760094642639160e-01
6.003599762916564941e-01 5.542707443237304688e-01
6.311475038528442383e-01 5.738192796707153320e-01
5.794935226440429688e-01 5.525569915771484375e-01
5.809391736984252930e-01 5.503046512603759766e-01
7.133523225784301758e-01 5.788503885269165039e-01
7.202724814414978027e-01 5.971317887306213379e-01
7.892069220542907715e-01 6.012041568756103516e-01
7.947840690612792969e-01 6.068016290664672852e-01
9.233841300010681152e-01 6.052132844924926758e-01
9.298834204673767090e-01 6.072421073913574219e-01
