5.489050745964050293e-01 5.013340711593627930e-01
5.273822546005249023e-01 5.039802789688110352e-01
5.324270725250244141e-01 4.905823469161987305e-01
5.272970199584960938e-01 5.082228183746337891e-01
5.294059514999389648e-01 4.610233306884765625e-01
5.371309518814086914e-01 5.209237337112426758e-01
5.481802225112915039e-01 4.566310048103332520e-01
5.483686327934265137e-01 5.179594159126281738e-01
5.277435779571533203e-01 3.801299333572387695e-01
4.764482676982879639e-01 4.813245534896850586e-01
5.010308027267456055e-01 3.712820410728454590e-01
6.183614134788513184e-01 5.302371978759765625e-01
6.175361871719360352e-01 5.044819712638854980e-01
7.875425219535827637e-01 5.436685085296630859e-01
7.904194593429565430e-01 5.466315150260925293e-01
9.187964797019958496e-01 5.368533134460449219e-01
9.177695512771606445e-01 5.370412468910217285e-01
