6.099079847335815430e-01 6.244158744812011719e-01
6.028474569320678711e-01 6.270512342453002930e-01
6.020215153694152832e-01 6.250063180923461914e-01
6.099933981895446777e-01 6.356074213981628418e-01
6.064598560333251953e-01 6.305233836174011230e-01
6.513516902923583984e-01 6.383669972419738770e-01
6.396704912185668945e-01 6.176885366439819336e-01
6.692103147506713867e-01 6.151803731918334961e-01
6.180189251899719238e-01 5.760273933410644531e-01
5.975675582885742188e-01 6.239001750946044922e-01
5.581566095352172852e-01 5.604057908058166504e-01
7.616909742355346680e-01 5.987169742584228516e-01
7.578397989273071289e-01 5.887631773948669434e-01
8.615000247955322266e-01 5.885795354843139648e-01
8.580607771873474121e-01 5.709197521209716797e-01
9.742115736007690430e-01 5.880122184753417969e-01
9.735795855522155762e-01 5.591477751731872559e-01
