6.010388135910034180e-01 6.703156232833862305e-01
5.921497941017150879e-01 6.670572161674499512e-01
5.927900671958923340e-01 6.711269617080688477e-01
5.854703187942504883e-01 6.568313837051391602e-01
5.870258808135986328e-01 6.584579944610595703e-01
6.007281541824340820e-01 6.320209503173828125e-01
6.126843690872192383e-01 6.485635042190551758e-01
6.590868830680847168e-01 6.044486761093139648e-01
6.591117382049560547e-01 6.361080408096313477e-01
6.781038641929626465e-01 6.116371750831604004e-01
7.204898595809936523e-01 6.163713932037353516e-01
7.094082236289978027e-01 5.816202163696289062e-01
7.121211886405944824e-01 5.953075289726257324e-01
8.221551179885864258e-01 5.804249644279479980e-01
8.304004669189453125e-01 5.999428033828735352e-01
9.229084253311157227e-01 5.464023351669311523e-01
9.441838264465332031e-01 5.930265784263610840e-01
