4.564320743083953857e-01 4.822015464305877686e-01
4.549470543861389160e-01 4.775884747505187988e-01
4.574715793132781982e-01 4.800682067871093750e-01
4.593907594680786133e-01 4.732688665390014648e-01
4.644325375556945801e-01 4.766410589218139648e-01
4.845840334892272949e-01 4.741656780242919922e-01
4.833726584911346436e-01 4.851130247116088867e-01
4.948887825012207031e-01 4.874978661537170410e-01
4.903222918510437012e-01 4.890149235725402832e-01
5.180478692054748535e-01 5.084820985794067383e-01
5.174072980880737305e-01 5.058673620223999023e-01
5.846441984176635742e-01 5.041851997375488281e-01
5.872053503990173340e-01 5.083434581756591797e-01
7.148008346557617188e-01 5.207167267799377441e-01
7.741872668266296387e-01 5.662966966629028320e-01
7.426306605339050293e-01 5.174271464347839355e-01
9.146325588226318359e-01 5.873193740844726562e-01
