5.010443925857543945e-01 5.729414224624633789e-01
4.928073287010192871e-01 5.755385160446166992e-01
4.957848191261291504e-01 5.691418647766113281e-01
4.930771291255950928e-01 5.763243436813354492e-01
4.972757101058959961e-01 5.536958575248718262e-01
5.321680307388305664e-01 5.863894224166870117e-01
5.412694215774536133e-01 5.431593060493469238e-01
6.150441169738769531e-01 5.931382179260253906e-01
6.101022362709045410e-01 5.312917828559875488e-01
6.312729120254516602e-01 5.797276496887207031e-01
6.623120903968811035e-01 5.251240134239196777e-01
6.767113208770751953e-01 5.904783010482788086e-01
6.777472496032714844e-01 5.725934505462646484e-01
7.900898456573486328e-01 5.911276936531066895e-01
7.960612177848815918e-01 5.897272229194641113e-01
8.910940885543823242e-01 5.905732512474060059e-01
8.879802227020263672e-01 5.897988080978393555e-01
