5.945355892181396484e-01 6.211189031600952148e-01
5.881527066230773926e-01 6.206858754158020020e-01
5.891182422637939453e-01 6.271211504936218262e-01
5.932978391647338867e-01 6.238094568252563477e-01
5.935884118080139160e-01 6.360062956809997559e-01
6.245124340057373047e-01 6.107274293899536133e-01
6.263629794120788574e-01 6.297336220741271973e-01
6.622734069824218750e-01 5.929187536239624023e-01
6.695197820663452148e-01 6.262059211730957031e-01
6.829506158828735352e-01 5.759021043777465820e-01
5.961436629295349121e-01 6.302678585052490234e-01
7.260583639144897461e-01 5.999626517295837402e-01
7.289366126060485840e-01 6.124160289764404297e-01
8.144824504852294922e-01 5.774430632591247559e-01
8.195747137069702148e-01 5.916351079940795898e-01
9.091183543205261230e-01 5.898406505584716797e-01
9.149283170700073242e-01 5.970889925956726074e-01
