5.435326099395751953e-01 5.097395777702331543e-01
5.390706062316894531e-01 5.080406069755554199e-01
5.401009321212768555e-01 5.110119581222534180e-01
5.453339219093322754e-01 5.053927898406982422e-01
5.464426279067993164e-01 5.149081945419311523e-01
5.811419486999511719e-01 4.984962344169616699e-01
5.701981782913208008e-01 5.185421705245971680e-01
6.503064036369323730e-01 5.038914680480957031e-01
6.538034677505493164e-01 5.376558303833007812e-01
6.570268273353576660e-01 5.038444995880126953e-01
6.718841791152954102e-01 5.192545652389526367e-01
6.696738600730895996e-01 5.078924298286437988e-01
6.758438348770141602e-01 5.344569683074951172e-01
7.672394514083862305e-01 5.271509289741516113e-01
7.696639299392700195e-01 5.448442697525024414e-01
8.605086207389831543e-01 5.330823659896850586e-01
8.576449155807495117e-01 5.431141257286071777e-01
