5.114292502403259277e-01 5.697603821754455566e-01
5.088841915130615234e-01 5.791074037551879883e-01
5.086447000503540039e-01 5.680513381958007812e-01
5.139199495315551758e-01 5.655103921890258789e-01
5.136760473251342773e-01 5.609289407730102539e-01
5.408590435981750488e-01 5.673215985298156738e-01
5.401179790496826172e-01 5.462357401847839355e-01
5.487669706344604492e-01 6.142756938934326172e-01
5.747194290161132812e-01 5.091733336448669434e-01
5.519366264343261719e-01 6.049015522003173828e-01
5.569905042648315430e-01 5.059657096862792969e-01
6.818031072616577148e-01 5.546796321868896484e-01
6.906516551971435547e-01 5.497579574584960938e-01
8.048976659774780273e-01 5.406465530395507812e-01
8.122037649154663086e-01 5.413976311683654785e-01
8.976696729660034180e-01 5.257381200790405273e-01
9.175083041191101074e-01 5.203002095222473145e-01
