5.394164323806762695e-01 4.947533309459686279e-01
5.359216928482055664e-01 5.009171962738037109e-01
5.325174331665039062e-01 4.943553805351257324e-01
5.409412980079650879e-01 5.108311176300048828e-01
5.391730070114135742e-01 4.848566949367523193e-01
5.788486003875732422e-01 5.142897367477416992e-01
5.848106145858764648e-01 4.776811301708221436e-01
6.306066513061523438e-01 5.125905275344848633e-01
6.358292698860168457e-01 4.605171680450439453e-01
5.585988759994506836e-01 5.233078002929687500e-01
6.872521638870239258e-01 4.593823850154876709e-01
6.831730604171752930e-01 5.028243660926818848e-01
6.854059696197509766e-01 4.798551499843597412e-01
7.716794013977050781e-01 5.020772218704223633e-01
7.779299616813659668e-01 4.847254157066345215e-01
8.634092807769775391e-01 5.098629593849182129e-01
8.712972402572631836e-01 4.977769851684570312e-01
