5.415196418762207031e-01 5.004204511642456055e-01
5.340137481689453125e-01 5.006752014160156250e-01
5.346267819404602051e-01 4.947074651718139648e-01
5.389574766159057617e-01 4.961652457714080811e-01
5.435158014297485352e-01 4.852152764797210693e-01
5.774886012077331543e-01 5.149780511856079102e-01
5.967382788658142090e-01 4.767443537712097168e-01
6.413229703903198242e-01 5.185575485229492188e-01
6.618299484252929688e-01 4.692875742912292480e-01
5.290625691413879395e-01 5.117804408073425293e-01
7.052376270294189453e-01 4.802386760711669922e-01
7.149013280868530273e-01 5.292549729347229004e-01
7.186468839645385742e-01 5.061048269271850586e-01
8.008196353912353516e-01 5.390174388885498047e-01
8.049973249435424805e-01 5.172665119171142578e-01
8.840534687042236328e-01 5.459352135658264160e-01
8.905979394912719727e-01 5.186415910720825195e-01
