5.633473992347717285e-01 4.994644522666931152e-01
5.553237199783325195e-01 4.982320666313171387e-01
5.567625761032104492e-01 4.991817176342010498e-01
5.583745837211608887e-01 4.980803132057189941e-01
5.628476142883300781e-01 4.932911992073059082e-01
6.027793884277343750e-01 5.008924007415771484e-01
6.039574146270751953e-01 4.941137433052062988e-01
6.570650339126586914e-01 5.009756684303283691e-01
6.558183431625366211e-01 4.992009401321411133e-01
6.696286201477050781e-01 4.652611911296844482e-01
6.711620092391967773e-01 4.584203660488128662e-01
7.279698848724365234e-01 5.177886486053466797e-01
7.282871603965759277e-01 5.130540132522583008e-01
8.091413974761962891e-01 5.204281806945800781e-01
8.156650066375732422e-01 5.126507282257080078e-01
8.955243825912475586e-01 5.184193849563598633e-01
8.980820178985595703e-01 5.111289024353027344e-01
