5.670423507690429688e-01 6.342226862907409668e-01
5.595345497131347656e-01 6.262938976287841797e-01
5.597925186157226562e-01 6.312084197998046875e-01
5.575014352798461914e-01 6.197342276573181152e-01
5.552449226379394531e-01 6.265562176704406738e-01
5.796631574630737305e-01 5.810532569885253906e-01
5.919341444969177246e-01 6.013175249099731445e-01
6.365716457366943359e-01 5.377760529518127441e-01
6.457881927490234375e-01 5.849068760871887207e-01
6.656420230865478516e-01 5.743656158447265625e-01
7.239152789115905762e-01 6.027895808219909668e-01
6.692482233047485352e-01 5.025888681411743164e-01
6.782977581024169922e-01 5.227979421615600586e-01
7.884099483489990234e-01 5.056769251823425293e-01
7.953019142150878906e-01 5.170964002609252930e-01
8.620671629905700684e-01 4.605186879634857178e-01
9.077498912811279297e-01 4.973532855510711670e-01
