5.447811484336853027e-01 5.012711286544799805e-01
5.354734659194946289e-01 4.989249408245086670e-01
5.370696783065795898e-01 4.975384473800659180e-01
5.396222472190856934e-01 4.968687295913696289e-01
5.447783470153808594e-01 4.889224171638488770e-01
5.789966583251953125e-01 4.996639192104339600e-01
5.929156541824340820e-01 4.846777617931365967e-01
6.367167830467224121e-01 4.988761842250823975e-01
6.618263721466064453e-01 4.613533616065979004e-01
6.812471747398376465e-01 4.773486256599426270e-01
7.065643072128295898e-01 4.851376414299011230e-01
7.165490388870239258e-01 5.085799098014831543e-01
7.180742621421813965e-01 4.957025647163391113e-01
7.991947531700134277e-01 5.104017257690429688e-01
8.096328973770141602e-01 5.003888010978698730e-01
8.805333971977233887e-01 5.087787508964538574e-01
8.920938372611999512e-01 5.057291984558105469e-01
