5.697597861289978027e-01 5.026408433914184570e-01
5.619496107101440430e-01 5.056642889976501465e-01
5.640892982482910156e-01 4.985264241695404053e-01
5.707231163978576660e-01 5.116964578628540039e-01
5.740286111831665039e-01 4.963377714157104492e-01
6.056368350982666016e-01 5.152815580368041992e-01
6.101239919662475586e-01 4.982712864875793457e-01
6.457493901252746582e-01 5.186932682991027832e-01
6.480836272239685059e-01 4.871609807014465332e-01
6.407653093338012695e-01 4.807162880897521973e-01
6.498940587043762207e-01 4.757395982742309570e-01
7.351925373077392578e-01 5.199692249298095703e-01
7.352563142776489258e-01 5.121622085571289062e-01
8.077062368392944336e-01 5.126151442527770996e-01
8.158175349235534668e-01 5.099789500236511230e-01
8.991047739982604980e-01 5.119037032127380371e-01
8.950389623641967773e-01 5.104699134826660156e-01
