4.354123771190643311e-01 4.772043228149414062e-01
4.326505362987518311e-01 4.787184596061706543e-01
4.358855485916137695e-01 4.740009307861328125e-01
4.410048425197601318e-01 4.752422273159027100e-01
4.426552951335906982e-01 4.183635711669921875e-01
4.588833451271057129e-01 4.846698045730590820e-01
4.532599449157714844e-01 4.149456918239593506e-01
4.485591053962707520e-01 4.748397469520568848e-01
4.048985838890075684e-01 3.319644331932067871e-01
4.384977519512176514e-01 4.547442793846130371e-01
4.126964211463928223e-01 2.226963043212890625e-01
5.729202032089233398e-01 5.003052353858947754e-01
5.601007342338562012e-01 4.638363122940063477e-01
7.716953158378601074e-01 5.620304942131042480e-01
7.740287184715270996e-01 5.626561641693115234e-01
9.238505363464355469e-01 5.757101774215698242e-01
9.270112514495849609e-01 5.767233967781066895e-01
