5.418791174888610840e-01 4.987759292125701904e-01
5.344190597534179688e-01 4.933719635009765625e-01
5.358134508132934570e-01 4.947397410869598389e-01
5.450218915939331055e-01 4.853982627391815186e-01
5.493196249008178711e-01 4.854859113693237305e-01
5.881605744361877441e-01 4.964670538902282715e-01
5.980345606803894043e-01 4.887900352478027344e-01
6.248819828033447266e-01 4.966990351676940918e-01
6.591622233390808105e-01 4.798344969749450684e-01
5.226186513900756836e-01 5.093554258346557617e-01
5.252577066421508789e-01 5.070699453353881836e-01
7.125710844993591309e-01 5.172080993652343750e-01
7.144784927368164062e-01 5.117201805114746094e-01
7.930576205253601074e-01 5.334515571594238281e-01
8.020544052124023438e-01 5.195025205612182617e-01
8.787545561790466309e-01 5.391877889633178711e-01
8.901333212852478027e-01 5.173246860504150391e-01
