5.500757098197937012e-01 4.987141489982604980e-01
5.366175174713134766e-01 5.017139911651611328e-01
5.405868291854858398e-01 4.913251101970672607e-01
5.476633310317993164e-01 5.138341188430786133e-01
5.559173226356506348e-01 4.800564646720886230e-01
5.966156125068664551e-01 5.124126672744750977e-01
6.079709529876708984e-01 4.725789725780487061e-01
6.474307179450988770e-01 5.064443349838256836e-01
6.537724733352661133e-01 4.556569457054138184e-01
6.242260336875915527e-01 4.787485003471374512e-01
6.480841636657714844e-01 4.537283182144165039e-01
7.392444014549255371e-01 4.959511160850524902e-01
7.383174896240234375e-01 4.714376628398895264e-01
8.225489854812622070e-01 4.811054170131683350e-01
8.339878916740417480e-01 4.692419767379760742e-01
9.002170562744140625e-01 4.597630500793457031e-01
9.046808481216430664e-01 4.510812759399414062e-01
