6.463404297828674316e-01 6.448172926902770996e-01
6.458874940872192383e-01 6.474654078483581543e-01
6.431965827941894531e-01 6.489619612693786621e-01
6.442185640335083008e-01 6.343975067138671875e-01
6.360180974006652832e-01 6.447339057922363281e-01
6.380628943443298340e-01 6.067125201225280762e-01
6.450588703155517578e-01 6.350123286247253418e-01
6.859033107757568359e-01 5.721341967582702637e-01
6.840898394584655762e-01 6.124581098556518555e-01
7.107586264610290527e-01 5.773704051971435547e-01
7.525703907012939453e-01 5.786228179931640625e-01
7.124351263046264648e-01 5.555933117866516113e-01
7.185051441192626953e-01 5.723014473915100098e-01
8.199034929275512695e-01 5.515202879905700684e-01
8.346214294433593750e-01 5.530542731285095215e-01
8.779167532920837402e-01 4.915579259395599365e-01
9.563700556755065918e-01 5.498579740524291992e-01
