6.238386034965515137e-01 6.301059126853942871e-01
6.137728691101074219e-01 6.262469291687011719e-01
6.159620285034179688e-01 6.342822313308715820e-01
6.332023739814758301e-01 6.077783107757568359e-01
6.237982511520385742e-01 6.361083388328552246e-01
6.545711159706115723e-01 5.965303182601928711e-01
6.591207981109619141e-01 6.326721906661987305e-01
6.143440008163452148e-01 5.777148008346557617e-01
6.795078516006469727e-01 6.295622587203979492e-01
5.524922013282775879e-01 5.797647833824157715e-01
6.085828542709350586e-01 6.452993154525756836e-01
7.688999176025390625e-01 5.822762250900268555e-01
7.713548541069030762e-01 6.021178960800170898e-01
8.804177641868591309e-01 5.777708292007446289e-01
8.836598396301269531e-01 5.815026760101318359e-01
9.760015010833740234e-01 5.668300390243530273e-01
9.763624668121337891e-01 5.755007266998291016e-01
