5.740870237350463867e-01 5.098425149917602539e-01
5.754810571670532227e-01 5.144205093383789062e-01
5.740237236022949219e-01 5.129647254943847656e-01
6.111029386520385742e-01 5.157819390296936035e-01
6.058032512664794922e-01 5.117656588554382324e-01
6.252424716949462891e-01 5.211905241012573242e-01
6.229016184806823730e-01 5.152941942214965820e-01
5.625602602958679199e-01 5.347319245338439941e-01
5.669046044349670410e-01 5.209640860557556152e-01
5.163994431495666504e-01 5.195269584655761719e-01
5.161426067352294922e-01 5.147950649261474609e-01
6.323012113571166992e-01 5.208672285079956055e-01
6.123566031455993652e-01 5.090736150741577148e-01
6.381455659866333008e-01 5.177527666091918945e-01
6.171648502349853516e-01 4.855700731277465820e-01
9.325988292694091797e-01 5.166493058204650879e-01
5.971585512161254883e-01 4.889584183692932129e-01
