5.114507675170898438e-01 6.217180490493774414e-01
5.050048828125000000e-01 6.195422410964965820e-01
5.050467252731323242e-01 6.215380430221557617e-01
5.073001384735107422e-01 6.071418523788452148e-01
5.047777295112609863e-01 6.089763641357421875e-01
5.391930341720581055e-01 5.868380665779113770e-01
5.468626022338867188e-01 6.016678810119628906e-01
6.024045944213867188e-01 6.171091198921203613e-01
6.139110326766967773e-01 6.416574716567993164e-01
6.510109305381774902e-01 6.698489189147949219e-01
6.681545972824096680e-01 6.794144511222839355e-01
6.531777977943420410e-01 5.409896969795227051e-01
6.544454693794250488e-01 5.552207827568054199e-01
7.492250204086303711e-01 5.562233328819274902e-01
7.570735216140747070e-01 5.750256776809692383e-01
8.380461931228637695e-01 5.419341325759887695e-01
8.468810915946960449e-01 5.412055253982543945e-01
