6.024777293205261230e-01 4.840951561927795410e-01
5.904785394668579102e-01 4.879363477230072021e-01
5.937334299087524414e-01 4.791485965251922607e-01
5.988975167274475098e-01 4.936110675334930420e-01
6.043976545333862305e-01 4.730021953582763672e-01
6.211861371994018555e-01 5.152279734611511230e-01
6.301362514495849609e-01 4.749733209609985352e-01
5.695077180862426758e-01 5.219702124595642090e-01
6.314105987548828125e-01 4.726983904838562012e-01
5.246670842170715332e-01 4.992210566997528076e-01
5.378800034523010254e-01 4.952578544616699219e-01
7.276165485382080078e-01 5.316136479377746582e-01
7.424079179763793945e-01 5.204889774322509766e-01
8.048387765884399414e-01 5.225208997726440430e-01
8.162713050842285156e-01 5.218496918678283691e-01
9.155038595199584961e-01 5.113710761070251465e-01
9.199576377868652344e-01 5.121597051620483398e-01
