5.580328702926635742e-01 6.703357696533203125e-01
5.539233684539794922e-01 6.643294095993041992e-01
5.509745478630065918e-01 6.731871962547302246e-01
5.595766901969909668e-01 6.454951763153076172e-01
5.557514429092407227e-01 6.656574010848999023e-01
5.972155332565307617e-01 6.312875747680664062e-01
6.010733842849731445e-01 6.653873324394226074e-01
6.699678897857666016e-01 6.218096613883972168e-01
6.718393564224243164e-01 6.714000105857849121e-01
7.185405492782592773e-01 6.528114080429077148e-01
7.234632372856140137e-01 6.719982028007507324e-01
7.100600600242614746e-01 6.207424402236938477e-01
7.126116752624511719e-01 6.448860168457031250e-01
8.081800937652587891e-01 6.386317014694213867e-01
8.152405619621276855e-01 6.635226607322692871e-01
9.204564094543457031e-01 6.352152824401855469e-01
9.330479502677917480e-01 6.586676836013793945e-01
