5.240240693092346191e-01 5.020477771759033203e-01
5.238851308822631836e-01 5.018790960311889648e-01
5.229176282882690430e-01 4.997987747192382812e-01
5.422682762145996094e-01 4.991426169872283936e-01
5.314028263092041016e-01 4.849096238613128662e-01
5.682372450828552246e-01 5.027222633361816406e-01
5.671677589416503906e-01 4.881019592285156250e-01
6.294540166854858398e-01 5.138347744941711426e-01
6.224986314773559570e-01 4.999856948852539062e-01
6.457252502441406250e-01 5.304768085479736328e-01
6.530660390853881836e-01 5.299736261367797852e-01
6.223115921020507812e-01 4.883151650428771973e-01
6.254606842994689941e-01 4.864553809165954590e-01
6.844385862350463867e-01 5.063414573669433594e-01
6.850422620773315430e-01 5.104616284370422363e-01
8.332585692405700684e-01 5.557343363761901855e-01
8.305128812789916992e-01 5.566382408142089844e-01
