5.202276110649108887e-01 4.973452985286712646e-01
5.136861801147460938e-01 4.941066503524780273e-01
5.143968462944030762e-01 4.993669390678405762e-01
5.186407566070556641e-01 4.841433167457580566e-01
5.199341773986816406e-01 4.985258281230926514e-01
5.503817200660705566e-01 4.713689684867858887e-01
5.561314821243286133e-01 4.999109506607055664e-01
6.139849424362182617e-01 4.645734727382659912e-01
6.241244077682495117e-01 5.086060762405395508e-01
6.407465934753417969e-01 4.832913279533386230e-01
6.580481529235839844e-01 5.310750007629394531e-01
6.470034718513488770e-01 4.682579636573791504e-01
6.487604379653930664e-01 4.947872161865234375e-01
7.111753225326538086e-01 4.763209819793701172e-01
7.154170870780944824e-01 5.144313573837280273e-01
8.189914226531982422e-01 4.784507751464843750e-01
8.304603099822998047e-01 5.064077973365783691e-01
