5.589978694915771484e-01 6.854273080825805664e-01
5.513488054275512695e-01 6.771895289421081543e-01
5.502596497535705566e-01 6.824293136596679688e-01
5.556325912475585938e-01 6.573657989501953125e-01
5.524162650108337402e-01 6.681918501853942871e-01
5.904797315597534180e-01 6.622878909111022949e-01
5.988636612892150879e-01 6.640068292617797852e-01
6.460633277893066406e-01 6.630401611328125000e-01
6.596495509147644043e-01 6.604225039482116699e-01
5.454617738723754883e-01 6.616089344024658203e-01
7.330496311187744141e-01 6.798409819602966309e-01
7.098487615585327148e-01 6.519392728805541992e-01
7.136636972427368164e-01 6.549741029739379883e-01
8.144180178642272949e-01 6.834497451782226562e-01
8.175491690635681152e-01 6.855947375297546387e-01
9.369676113128662109e-01 6.845474243164062500e-01
9.385148286819458008e-01 6.904975175857543945e-01
