5.703285932540893555e-01 6.499006748199462891e-01
5.596286058425903320e-01 6.459889411926269531e-01
5.589332580566406250e-01 6.540011167526245117e-01
5.570266246795654297e-01 6.275681257247924805e-01
5.567183494567871094e-01 6.400959491729736328e-01
5.977723598480224609e-01 5.950450897216796875e-01
6.025505661964416504e-01 6.292060613632202148e-01
6.855217218399047852e-01 5.761194229125976562e-01
6.933369040489196777e-01 6.131796240806579590e-01
7.509983777999877930e-01 5.635027885437011719e-01
7.522526979446411133e-01 5.967146158218383789e-01
7.307650446891784668e-01 5.678385496139526367e-01
7.338556647300720215e-01 5.851072072982788086e-01
8.410294055938720703e-01 5.544334650039672852e-01
8.590589761734008789e-01 5.771735310554504395e-01
9.610189199447631836e-01 5.720397233963012695e-01
9.726028442382812500e-01 5.826599001884460449e-01
