4.981009364128112793e-01 5.065374374389648438e-01
4.794362783432006836e-01 4.853668212890625000e-01
4.623226523399353027e-01 4.903733134269714355e-01
5.023584365844726562e-01 4.669644236564636230e-01
4.898973703384399414e-01 4.860917925834655762e-01
4.987634122371673584e-01 4.603264331817626953e-01
4.917014241218566895e-01 4.689862132072448730e-01
4.524160027503967285e-01 4.419806599617004395e-01
4.486159086227416992e-01 4.424220919609069824e-01
5.602586269378662109e-01 5.210002660751342773e-01
4.905842542648315430e-01 4.409360587596893311e-01
5.373453497886657715e-01 4.951335191726684570e-01
5.374080538749694824e-01 4.995137453079223633e-01
7.368411421775817871e-01 5.573630928993225098e-01
7.387698888778686523e-01 5.665760040283203125e-01
9.182445406913757324e-01 5.792404413223266602e-01
9.218902587890625000e-01 5.808724164962768555e-01
