5.260905623435974121e-01 5.024629235267639160e-01
5.194629430770874023e-01 4.974527060985565186e-01
5.207167267799377441e-01 5.070207715034484863e-01
5.159891843795776367e-01 4.856623113155364990e-01
5.152468085289001465e-01 5.030210614204406738e-01
5.468926429748535156e-01 4.728149175643920898e-01
5.504136085510253906e-01 4.979473352432250977e-01
6.205591559410095215e-01 4.742989540100097656e-01
6.293412446975708008e-01 5.098929405212402344e-01
6.534750461578369141e-01 5.010825991630554199e-01
6.708700060844421387e-01 5.310136675834655762e-01
6.525331139564514160e-01 4.666355848312377930e-01
6.543686985969543457e-01 4.892013967037200928e-01
7.219369411468505859e-01 4.779172539710998535e-01
7.245372533798217773e-01 5.121778249740600586e-01
8.337267637252807617e-01 4.908098876476287842e-01
8.387937545776367188e-01 5.143826007843017578e-01
