5.874169468879699707e-01 6.421034336090087891e-01
5.800701379776000977e-01 6.449996829032897949e-01
5.797232389450073242e-01 6.398203372955322266e-01
5.841505527496337891e-01 6.457551121711730957e-01
5.821521282196044922e-01 6.310076713562011719e-01
6.220137476921081543e-01 6.430249810218811035e-01
6.107457280158996582e-01 6.126883029937744141e-01
6.649228334426879883e-01 6.375706195831298828e-01
6.031603217124938965e-01 5.725530385971069336e-01
5.740795135498046875e-01 6.376191377639770508e-01
5.662804841995239258e-01 5.420561432838439941e-01
7.291995882987976074e-01 6.139793395996093750e-01
7.270414233207702637e-01 5.985795259475708008e-01
8.228394985198974609e-01 6.033448576927185059e-01
8.223286867141723633e-01 5.950536131858825684e-01
9.338045120239257812e-01 6.122416257858276367e-01
9.177299737930297852e-01 6.012647151947021484e-01
