4.521367549896240234e-01 5.033236742019653320e-01
4.295450150966644287e-01 5.016419887542724609e-01
4.530042409896850586e-01 4.992488324642181396e-01
4.324846863746643066e-01 5.009086728096008301e-01
4.257970452308654785e-01 4.979792833328247070e-01
4.462346434593200684e-01 5.037465691566467285e-01
4.650498032569885254e-01 4.966139793395996094e-01
4.966261982917785645e-01 5.263110399246215820e-01
4.656374156475067139e-01 5.067031383514404297e-01
5.088781714439392090e-01 5.150804519653320312e-01
5.093001127243041992e-01 5.097241401672363281e-01
5.883748531341552734e-01 5.613697767257690430e-01
5.963944196701049805e-01 5.489313006401062012e-01
7.508844137191772461e-01 5.886552929878234863e-01
7.606033682823181152e-01 5.927891731262207031e-01
9.253928661346435547e-01 6.008090972900390625e-01
9.243763685226440430e-01 6.008309721946716309e-01
