5.516657829284667969e-01 6.017341017723083496e-01
5.492646098136901855e-01 6.031077504158020020e-01
5.483300685882568359e-01 5.978520512580871582e-01
5.540257692337036133e-01 6.008217334747314453e-01
5.617933273315429688e-01 5.852414369583129883e-01
5.931313037872314453e-01 6.018208861351013184e-01
5.982121229171752930e-01 5.642632246017456055e-01
6.489800214767456055e-01 6.057291030883789062e-01
6.542184352874755859e-01 5.610068440437316895e-01
6.163011789321899414e-01 5.988270044326782227e-01
6.258720159530639648e-01 5.687942504882812500e-01
7.069462537765502930e-01 5.958925485610961914e-01
7.048404216766357422e-01 5.765452384948730469e-01
7.856889963150024414e-01 6.019647121429443359e-01
8.059279918670654297e-01 5.854674577713012695e-01
8.672194480895996094e-01 6.114789247512817383e-01
8.688979148864746094e-01 6.052319407463073730e-01
