4.107050597667694092e-01 5.173829793930053711e-01
3.997076451778411865e-01 5.230385065078735352e-01
4.010254144668579102e-01 5.097917318344116211e-01
4.012782275676727295e-01 5.424612760543823242e-01
4.031417369842529297e-01 5.076666474342346191e-01
4.518731832504272461e-01 5.700397491455078125e-01
4.593926668167114258e-01 5.221515297889709473e-01
5.437456965446472168e-01 5.909746885299682617e-01
5.540319085121154785e-01 5.509927272796630859e-01
6.525549888610839844e-01 5.863462090492248535e-01
6.369186639785766602e-01 5.574164986610412598e-01
6.115534305572509766e-01 5.729750394821166992e-01
6.150655746459960938e-01 5.480707883834838867e-01
7.620825171470642090e-01 5.768318176269531250e-01
7.594711780548095703e-01 5.645923018455505371e-01
8.870153427124023438e-01 5.806690454483032227e-01
8.853902816772460938e-01 5.676070451736450195e-01
