5.415666103363037109e-01 4.848981499671936035e-01
5.339418053627014160e-01 4.855492115020751953e-01
5.348234176635742188e-01 4.769601225852966309e-01
5.401976108551025391e-01 4.929501712322235107e-01
5.457838773727416992e-01 4.689415693283081055e-01
5.670416355133056641e-01 5.085666775703430176e-01
5.785120725631713867e-01 4.521767795085906982e-01
5.220987200736999512e-01 5.262853503227233887e-01
5.950645804405212402e-01 4.220358133316040039e-01
4.659869372844696045e-01 5.288668274879455566e-01
5.981335639953613281e-01 3.763184249401092529e-01
7.003270983695983887e-01 5.120092630386352539e-01
7.024674415588378906e-01 4.787820577621459961e-01
7.950680255889892578e-01 5.129707455635070801e-01
7.952862977981567383e-01 4.780027866363525391e-01
8.682486414909362793e-01 5.136102437973022461e-01
8.721582293510437012e-01 4.654290378093719482e-01
