5.090259313583374023e-01 5.023586153984069824e-01
5.062108039855957031e-01 5.054865479469299316e-01
5.079319477081298828e-01 4.915819168090820312e-01
5.116809606552124023e-01 5.055093765258789062e-01
5.130389928817749023e-01 4.735546112060546875e-01
5.409148931503295898e-01 5.033595561981201172e-01
5.505172014236450195e-01 4.529027342796325684e-01
6.027165055274963379e-01 5.011840462684631348e-01
6.115064620971679688e-01 4.491549432277679443e-01
6.479169130325317383e-01 4.753762185573577881e-01
6.398613452911376953e-01 4.538587033748626709e-01
6.506165266036987305e-01 4.856773614883422852e-01
6.518415212631225586e-01 4.655120074748992920e-01
7.240276336669921875e-01 4.821842610836029053e-01
7.305653095245361328e-01 4.805558919906616211e-01
8.548558950424194336e-01 4.943730533123016357e-01
8.575929999351501465e-01 4.879240393638610840e-01
