5.257772207260131836e-01 4.894470870494842529e-01
5.210307240486145020e-01 4.910944700241088867e-01
5.228223204612731934e-01 4.875382781028747559e-01
5.222876071929931641e-01 4.919750690460205078e-01
5.255795717239379883e-01 4.814419448375701904e-01
5.586957335472106934e-01 4.974684417247772217e-01
5.608084797859191895e-01 4.689482152462005615e-01
6.079707741737365723e-01 4.949274659156799316e-01
6.050521135330200195e-01 4.662588834762573242e-01
6.443760395050048828e-01 4.832304716110229492e-01
6.318078041076660156e-01 4.694127738475799561e-01
6.660802364349365234e-01 4.938140809535980225e-01
6.660409569740295410e-01 4.886083304882049561e-01
7.381350994110107422e-01 5.052227973937988281e-01
7.379779219627380371e-01 5.017802119255065918e-01
8.185510039329528809e-01 5.119289159774780273e-01
7.337062358856201172e-01 4.881711900234222412e-01
