3.146999776363372803e-01 5.373433232307434082e-01
3.119331598281860352e-01 5.362213253974914551e-01
3.825184702873229980e-01 5.174074172973632812e-01
3.651170134544372559e-01 5.147775411605834961e-01
3.684393167495727539e-01 5.150047540664672852e-01
3.289564251899719238e-01 5.981864929199218750e-01
3.499273061752319336e-01 5.005548596382141113e-01
3.544904887676239014e-01 6.033772826194763184e-01
4.096200168132781982e-01 5.074362754821777344e-01
3.677915930747985840e-01 6.082341670989990234e-01
4.384733140468597412e-01 5.024598240852355957e-01
4.223862290382385254e-01 5.213655233383178711e-01
4.237687289714813232e-01 5.144836902618408203e-01
5.142199397087097168e-01 5.249706506729125977e-01
5.141932964324951172e-01 5.169506072998046875e-01
5.644621849060058594e-01 5.283966064453125000e-01
5.597356557846069336e-01 5.169416069984436035e-01
