5.022484064102172852e-01 4.798083305358886719e-01
4.915790557861328125e-01 4.884378910064697266e-01
4.938840270042419434e-01 4.730103015899658203e-01
4.887113571166992188e-01 4.954627156257629395e-01
4.928744435310363770e-01 4.539556205272674561e-01
5.216594934463500977e-01 5.030977129936218262e-01
5.360518097877502441e-01 4.351606369018554688e-01
6.129396557807922363e-01 5.094755887985229492e-01
6.197704076766967773e-01 4.293718934059143066e-01
6.517398953437805176e-01 5.015746355056762695e-01
6.528624296188354492e-01 4.432425498962402344e-01
6.513491868972778320e-01 4.823830723762512207e-01
6.513991355895996094e-01 4.381440281867980957e-01
7.647897601127624512e-01 4.821410179138183594e-01
7.693367004394531250e-01 4.406751990318298340e-01
8.511893749237060547e-01 4.833487868309020996e-01
8.507465124130249023e-01 4.389926791191101074e-01
