4.339701533317565918e-01 5.015605688095092773e-01
4.284676909446716309e-01 5.086951851844787598e-01
4.294223487377166748e-01 4.881664514541625977e-01
4.363134503364562988e-01 5.182552337646484375e-01
4.358980655670166016e-01 4.768454432487487793e-01
4.836160838603973389e-01 5.348626375198364258e-01
5.051766037940979004e-01 4.481210112571716309e-01
5.463824272155761719e-01 5.450363159179687500e-01
5.677051544189453125e-01 4.660385549068450928e-01
5.041460990905761719e-01 5.390297174453735352e-01
5.348052382469177246e-01 4.621390700340270996e-01
6.358647942543029785e-01 5.341099500656127930e-01
6.392514109611511230e-01 5.006247758865356445e-01
7.560879588127136230e-01 5.333203077316284180e-01
7.626057863235473633e-01 5.308731198310852051e-01
8.925830721855163574e-01 5.208061337471008301e-01
8.333390951156616211e-01 5.349096059799194336e-01
