7.478184103965759277e-01 5.578572154045104980e-01
7.442975044250488281e-01 5.531624555587768555e-01
7.419023513793945312e-01 5.591108798980712891e-01
7.280958890914916992e-01 5.474309921264648438e-01
7.242003679275512695e-01 5.603879690170288086e-01
7.109622955322265625e-01 5.326139926910400391e-01
6.991116404533386230e-01 5.639762282371520996e-01
7.881314754486083984e-01 5.203093886375427246e-01
7.964643836021423340e-01 5.364879369735717773e-01
7.741900682449340820e-01 5.329056382179260254e-01
7.281944155693054199e-01 5.647643804550170898e-01
5.097697973251342773e-01 5.071920156478881836e-01
5.106390118598937988e-01 5.347136855125427246e-01
6.495013236999511719e-01 5.433151721954345703e-01
5.165928602218627930e-01 5.863072276115417480e-01
3.893197774887084961e-01 6.073818206787109375e-01
3.905554413795471191e-01 6.060495376586914062e-01
