6.440640091896057129e-01 5.299291610717773438e-01
6.418038606643676758e-01 5.282440185546875000e-01
6.425032615661621094e-01 5.270623564720153809e-01
6.618458032608032227e-01 5.231010913848876953e-01
6.619099378585815430e-01 5.119161605834960938e-01
6.602002382278442383e-01 5.080005526542663574e-01
6.599875688552856445e-01 5.314775705337524414e-01
6.092618703842163086e-01 5.577397346496582031e-01
6.154829859733581543e-01 5.542755722999572754e-01
5.459813475608825684e-01 6.024505496025085449e-01
5.559860467910766602e-01 5.951361060142517090e-01
6.420041322708129883e-01 5.005786418914794922e-01
6.435017585754394531e-01 5.131802558898925781e-01
7.851912379264831543e-01 4.787731766700744629e-01
7.763242721557617188e-01 4.793259501457214355e-01
9.147230982780456543e-01 4.627441763877868652e-01
7.532693743705749512e-01 4.896906316280364990e-01
