5.474839210510253906e-01 5.257894396781921387e-01
5.434892773628234863e-01 5.329872965812683105e-01
5.374740958213806152e-01 5.233541131019592285e-01
5.629329681396484375e-01 5.340870022773742676e-01
5.461518764495849609e-01 5.125013589859008789e-01
5.929464697837829590e-01 5.322381258010864258e-01
5.744075775146484375e-01 4.842281043529510498e-01
5.781081914901733398e-01 5.286666154861450195e-01
5.519665479660034180e-01 4.453835487365722656e-01
5.185263156890869141e-01 5.474813580513000488e-01
5.238701701164245605e-01 4.556412100791931152e-01
7.047936916351318359e-01 5.096153020858764648e-01
6.937229633331298828e-01 4.883037209510803223e-01
7.883944511413574219e-01 5.077880024909973145e-01
7.958519458770751953e-01 4.993171691894531250e-01
8.982064723968505859e-01 4.693892896175384521e-01
8.927329778671264648e-01 4.719583690166473389e-01
