4.898865818977355957e-01 3.711852729320526123e-01
5.128943920135498047e-01 3.493569493293762207e-01
4.636890888214111328e-01 3.550073504447937012e-01
5.636416673660278320e-01 3.258673548698425293e-01
5.568708777427673340e-01 3.794427812099456787e-01
4.057843387126922607e-01 2.987378239631652832e-01
4.134042263031005859e-01 4.097099900245666504e-01
3.429348170757293701e-01 2.962678670883178711e-01
3.217197954654693604e-01 3.999626636505126953e-01
2.539263367652893066e-01 1.434536874294281006e-01
3.388153016567230225e-01 3.633839786052703857e-01
3.331625759601593018e-01 3.827250003814697266e-01
3.421633839607238770e-01 4.465090632438659668e-01
4.639610052108764648e-01 3.426000773906707764e-01
4.738546013832092285e-01 4.283283948898315430e-01
5.710492730140686035e-01 3.372287452220916748e-01
5.591889619827270508e-01 4.834687709808349609e-01
