5.263623595237731934e-01 5.046495199203491211e-01
5.196787118911743164e-01 5.029714107513427734e-01
5.221914649009704590e-01 5.025746822357177734e-01
5.275832414627075195e-01 4.936813116073608398e-01
5.322799682617187500e-01 4.914267063140869141e-01
5.568314194679260254e-01 5.009829998016357422e-01
5.694395303726196289e-01 4.800303578376770020e-01
5.510996580123901367e-01 5.116147994995117188e-01
5.928443670272827148e-01 4.888987243175506592e-01
4.999790191650390625e-01 5.221112370491027832e-01
5.189477205276489258e-01 5.080063343048095703e-01
6.727255582809448242e-01 5.120441317558288574e-01
6.783245801925659180e-01 5.064744353294372559e-01
7.663266062736511230e-01 5.141035318374633789e-01
7.803047895431518555e-01 5.116318464279174805e-01
8.728329539299011230e-01 4.986391663551330566e-01
8.782716989517211914e-01 5.011923909187316895e-01
