4.896256327629089355e-01 5.112124681472778320e-01
4.870702922344207764e-01 5.236071944236755371e-01
4.902688860893249512e-01 5.070040225982666016e-01
4.931076467037200928e-01 5.201560258865356445e-01
4.987855851650238037e-01 4.886821210384368896e-01
5.236825346946716309e-01 5.194941759109497070e-01
5.296692848205566406e-01 4.729709327220916748e-01
5.473496913909912109e-01 5.254345536231994629e-01
5.403104424476623535e-01 4.362028241157531738e-01
5.122189521789550781e-01 4.981887936592102051e-01
5.148121118545532227e-01 4.437544941902160645e-01
5.692581534385681152e-01 5.102112889289855957e-01
5.712932348251342773e-01 4.885156154632568359e-01
7.196463346481323242e-01 5.253754854202270508e-01
7.240702509880065918e-01 5.270099639892578125e-01
7.293419837951660156e-01 5.287594795227050781e-01
7.264726161956787109e-01 5.298068523406982422e-01
