5.401637554168701172e-01 4.716798067092895508e-01
5.326196551322937012e-01 4.719338119029998779e-01
5.329602956771850586e-01 4.644872844219207764e-01
5.370182991027832031e-01 4.792824983596801758e-01
5.375362038612365723e-01 4.572876691818237305e-01
5.743833780288696289e-01 4.962187409400939941e-01
5.769603848457336426e-01 4.430982470512390137e-01
6.382507085800170898e-01 5.099523067474365234e-01
6.301664113998413086e-01 4.403355717658996582e-01
6.642845273017883301e-01 5.142270922660827637e-01
6.616609096527099609e-01 4.665011167526245117e-01
6.703174114227294922e-01 4.835725426673889160e-01
6.696349382400512695e-01 4.529549479484558105e-01
7.668608427047729492e-01 4.850680530071258545e-01
7.685500383377075195e-01 4.538677632808685303e-01
8.530218601226806641e-01 5.048254728317260742e-01
8.511661887168884277e-01 4.636535048484802246e-01
