4.012860953807830811e-01 5.779620409011840820e-01
4.038022458553314209e-01 5.975221395492553711e-01
3.962525725364685059e-01 5.740255117416381836e-01
4.072913527488708496e-01 6.228464841842651367e-01
4.005120694637298584e-01 5.695900321006774902e-01
4.681950211524963379e-01 6.012828350067138672e-01
4.586041867733001709e-01 5.377092361450195312e-01
5.233307480812072754e-01 5.940858721733093262e-01
5.280319452285766602e-01 5.120166540145874023e-01
5.250501632690429688e-01 5.865759849548339844e-01
5.720696449279785156e-01 5.131213665008544922e-01
5.689293742179870605e-01 5.692815184593200684e-01
5.746606588363647461e-01 5.234588980674743652e-01
7.183584570884704590e-01 5.183084011077880859e-01
7.010842561721801758e-01 5.143522024154663086e-01
7.395367622375488281e-01 5.260737538337707520e-01
6.913363933563232422e-01 5.241041183471679688e-01
