5.294799208641052246e-01 4.866684377193450928e-01
5.263326168060302734e-01 4.847946166992187500e-01
5.277721285820007324e-01 4.877223670482635498e-01
5.276378393173217773e-01 4.810625910758972168e-01
5.301094055175781250e-01 4.854656457901000977e-01
5.588842630386352539e-01 4.787841737270355225e-01
5.621323585510253906e-01 4.860957860946655273e-01
6.063834428787231445e-01 4.655782878398895264e-01
5.978453755378723145e-01 4.995747506618499756e-01
6.390720605850219727e-01 4.585006237030029297e-01
6.394861936569213867e-01 4.633595347404479980e-01
6.535620689392089844e-01 4.736198782920837402e-01
6.538093090057373047e-01 4.814099967479705811e-01
7.255737185478210449e-01 4.743683040142059326e-01
7.285580635070800781e-01 4.882412552833557129e-01
7.677394151687622070e-01 4.682136774063110352e-01
7.673040628433227539e-01 4.795090854167938232e-01
