5.040085315704345703e-01 5.050774216651916504e-01
4.980052113533020020e-01 5.079796910285949707e-01
4.978153407573699951e-01 4.984718263149261475e-01
5.078959465026855469e-01 5.103586912155151367e-01
5.073448419570922852e-01 4.877812564373016357e-01
5.441409349441528320e-01 5.293824672698974609e-01
5.540289878845214844e-01 4.696620404720306396e-01
5.422174334526062012e-01 5.435512661933898926e-01
5.950728654861450195e-01 4.841890335083007812e-01
5.053443908691406250e-01 5.514050126075744629e-01
5.445854663848876953e-01 4.615506827831268311e-01
6.654558181762695312e-01 5.308470726013183594e-01
6.789543628692626953e-01 5.156008601188659668e-01
7.400873899459838867e-01 5.296968221664428711e-01
7.613856196403503418e-01 5.289268493652343750e-01
8.907903432846069336e-01 5.182294249534606934e-01
8.980323672294616699e-01 5.201519727706909180e-01
