5.539656877517700195e-01 4.794998764991760254e-01
5.466527342796325684e-01 4.778397977352142334e-01
5.463240146636962891e-01 4.750766754150390625e-01
5.489453077316284180e-01 4.854508340358734131e-01
5.495702028274536133e-01 4.668234288692474365e-01
5.853971838951110840e-01 4.939020872116088867e-01
5.903899073600769043e-01 4.574423730373382568e-01
6.466395854949951172e-01 5.126417279243469238e-01
6.452635526657104492e-01 4.622201621532440186e-01
6.690561771392822266e-01 5.055485367774963379e-01
6.650854349136352539e-01 4.593896865844726562e-01
6.830052733421325684e-01 4.949285686016082764e-01
6.810796260833740234e-01 4.724586009979248047e-01
7.751609086990356445e-01 4.842187166213989258e-01
7.797650098800659180e-01 4.702500104904174805e-01
8.534373044967651367e-01 4.990877509117126465e-01
8.573776483535766602e-01 4.725449979305267334e-01
