7.008247375488281250e-01 5.719898939132690430e-01
6.999754309654235840e-01 5.697650313377380371e-01
6.992117166519165039e-01 5.750463604927062988e-01
7.041882276535034180e-01 5.653458237648010254e-01
6.951681971549987793e-01 5.694050788879394531e-01
7.134256362915039062e-01 5.444493293762207031e-01
7.070025801658630371e-01 5.601633191108703613e-01
7.161949872970581055e-01 5.385417342185974121e-01
7.443661093711853027e-01 5.493286252021789551e-01
6.828770041465759277e-01 5.480301380157470703e-01
7.304643392562866211e-01 5.503929853439331055e-01
7.428231239318847656e-01 5.270051956176757812e-01
7.409233450889587402e-01 5.406109094619750977e-01
8.550329208374023438e-01 5.180354118347167969e-01
8.573970198631286621e-01 5.233741998672485352e-01
9.187993407249450684e-01 5.394899249076843262e-01
9.188377261161804199e-01 5.384514331817626953e-01
