4.487363696098327637e-01 4.796527028083801270e-01
4.399990737438201904e-01 4.972143173217773438e-01
4.300805926322937012e-01 4.623038470745086670e-01
4.716107845306396484e-01 5.022034049034118652e-01
4.578390121459960938e-01 4.459250867366790771e-01
4.981082379817962646e-01 5.313616991043090820e-01
4.871882796287536621e-01 4.399582147598266602e-01
5.146918296813964844e-01 5.543974637985229492e-01
4.594840705394744873e-01 3.490942716598510742e-01
5.465314388275146484e-01 5.243129730224609375e-01
4.216865003108978271e-01 2.424962371587753296e-01
5.493790507316589355e-01 5.363277792930603027e-01
5.487169623374938965e-01 4.929012060165405273e-01
7.014791965484619141e-01 5.539703965187072754e-01
7.197029590606689453e-01 5.528939962387084961e-01
6.833206415176391602e-01 5.404773354530334473e-01
6.016209721565246582e-01 5.056943893432617188e-01
