4.469513297080993652e-01 4.627526402473449707e-01
4.772016704082489014e-01 4.669801592826843262e-01
4.780848622322082520e-01 4.619847238063812256e-01
5.008372068405151367e-01 4.612793326377868652e-01
5.300509929656982422e-01 4.355525672435760498e-01
4.409421384334564209e-01 4.407384991645812988e-01
4.479344785213470459e-01 4.318329989910125732e-01
4.360788464546203613e-01 4.666224420070648193e-01
4.453267753124237061e-01 4.690607786178588867e-01
4.807222485542297363e-01 4.846166074275970459e-01
4.945615231990814209e-01 4.890649914741516113e-01
4.148701429367065430e-01 4.256147146224975586e-01
4.214356839656829834e-01 4.046450555324554443e-01
5.853515863418579102e-01 4.905990958213806152e-01
5.607285499572753906e-01 4.737094342708587646e-01
6.530010104179382324e-01 4.944865405559539795e-01
6.558375358581542969e-01 5.046488642692565918e-01
