4.227294623851776123e-01 5.602236986160278320e-01
4.280446469783782959e-01 5.545608997344970703e-01
4.288248419761657715e-01 5.584436655044555664e-01
4.342842698097229004e-01 5.511378645896911621e-01
4.249979853630065918e-01 5.589987039566040039e-01
4.232889115810394287e-01 5.383539199829101562e-01
4.236115813255310059e-01 5.556561946868896484e-01
4.458019435405731201e-01 5.052055120468139648e-01
4.486244320869445801e-01 5.419278144836425781e-01
4.984127283096313477e-01 5.091488361358642578e-01
4.990091919898986816e-01 5.094528198242187500e-01
4.862367808818817139e-01 4.806999564170837402e-01
4.877270460128784180e-01 4.809014499187469482e-01
5.415372252464294434e-01 4.825373589992523193e-01
5.425225496292114258e-01 4.794905781745910645e-01
5.417490005493164062e-01 4.821868538856506348e-01
6.706930994987487793e-01 4.208719730377197266e-01
