4.693841934204101562e-01 5.050665140151977539e-01
4.679027795791625977e-01 5.093079805374145508e-01
4.788810014724731445e-01 4.764913916587829590e-01
4.859668016433715820e-01 4.979644715785980225e-01
4.889705777168273926e-01 4.657468497753143311e-01
5.026755928993225098e-01 5.124858617782592773e-01
5.012198090553283691e-01 4.581004977226257324e-01
5.222220420837402344e-01 5.174185037612915039e-01
4.907999932765960693e-01 4.724709689617156982e-01
5.384937524795532227e-01 5.030721426010131836e-01
5.111833810806274414e-01 4.758459031581878662e-01
5.723134279251098633e-01 4.928278625011444092e-01
5.753255486488342285e-01 4.513326585292816162e-01
6.936685442924499512e-01 4.426492452621459961e-01
6.952406167984008789e-01 4.312548637390136719e-01
6.997255086898803711e-01 4.205437302589416504e-01
6.994905471801757812e-01 4.129713475704193115e-01
