7.298600673675537109e-01 5.200036764144897461e-01
6.887121200561523438e-01 4.951709508895874023e-01
7.315034866333007812e-01 5.218973755836486816e-01
7.411288022994995117e-01 5.247403383255004883e-01
7.434587478637695312e-01 5.254310369491577148e-01
5.194901227951049805e-01 4.479610919952392578e-01
4.980260729789733887e-01 4.830586612224578857e-01
6.565508842468261719e-01 5.282183885574340820e-01
6.477503180503845215e-01 5.428339242935180664e-01
6.738107204437255859e-01 5.231339931488037109e-01
7.487925887107849121e-01 5.083524584770202637e-01
5.192832350730895996e-01 4.373573660850524902e-01
5.216940045356750488e-01 4.572637081146240234e-01
6.776642203330993652e-01 5.048156976699829102e-01
6.950057744979858398e-01 5.074924230575561523e-01
9.165790081024169922e-01 4.653404951095581055e-01
9.141080379486083984e-01 4.631082713603973389e-01
