5.377972722053527832e-01 4.695730805397033691e-01
5.301537513732910156e-01 4.728949069976806641e-01
5.311247110366821289e-01 4.635084867477416992e-01
5.397120714187622070e-01 4.850931763648986816e-01
5.395923852920532227e-01 4.565421342849731445e-01
5.699308514595031738e-01 4.956036508083343506e-01
5.801333785057067871e-01 4.361384510993957520e-01
5.751287341117858887e-01 5.032173395156860352e-01
6.419568657875061035e-01 4.151942729949951172e-01
4.780131578445434570e-01 5.231587886810302734e-01
6.819036006927490234e-01 3.964601457118988037e-01
6.928684711456298828e-01 4.825057387351989746e-01
6.932918429374694824e-01 4.442194104194641113e-01
7.808484435081481934e-01 4.868535399436950684e-01
7.880806922912597656e-01 4.444363117218017578e-01
8.712672591209411621e-01 5.003205537796020508e-01
8.723903894424438477e-01 4.428797364234924316e-01
