5.707263350486755371e-01 6.221675872802734375e-01
5.718965530395507812e-01 6.185724735260009766e-01
5.723012089729309082e-01 6.237607002258300781e-01
5.869920253753662109e-01 5.946109294891357422e-01
5.854955911636352539e-01 6.081546545028686523e-01
5.794998407363891602e-01 5.861567258834838867e-01
5.757140517234802246e-01 6.143300533294677734e-01
5.187484622001647949e-01 5.970966815948486328e-01
5.237939357757568359e-01 6.055247783660888672e-01
6.628565788269042969e-01 5.938596129417419434e-01
6.548192501068115234e-01 5.974079370498657227e-01
6.442598104476928711e-01 5.846589207649230957e-01
6.478627920150756836e-01 6.035246849060058594e-01
7.925689220428466797e-01 5.964699983596801758e-01
7.913288474082946777e-01 6.029143333435058594e-01
8.859004378318786621e-01 6.568202972412109375e-01
8.886229991912841797e-01 6.107305288314819336e-01
