7.104219794273376465e-01 5.663799643516540527e-01
7.111247777938842773e-01 5.596766471862792969e-01
7.089530825614929199e-01 5.655763149261474609e-01
7.122375369071960449e-01 5.476698279380798340e-01
7.005494832992553711e-01 5.609845519065856934e-01
7.131360769271850586e-01 5.337283015251159668e-01
6.918274760246276855e-01 5.659377574920654297e-01
7.222999930381774902e-01 5.379044413566589355e-01
5.502068996429443359e-01 5.951874852180480957e-01
6.941267848014831543e-01 5.455513596534729004e-01
4.448300302028656006e-01 6.650308370590209961e-01
6.712619066238403320e-01 5.227195620536804199e-01
6.461445093154907227e-01 5.649314522743225098e-01
7.706167697906494141e-01 5.473915338516235352e-01
8.319587111473083496e-01 5.434916019439697266e-01
9.001151323318481445e-01 5.088341832160949707e-01
9.094448089599609375e-01 5.569303035736083984e-01
