3.480135798454284668e-01 4.377151131629943848e-01
3.585674166679382324e-01 4.752729833126068115e-01
3.614346385002136230e-01 4.587744474411010742e-01
3.609744906425476074e-01 4.675689935684204102e-01
3.647410273551940918e-01 4.363022744655609131e-01
3.961597681045532227e-01 4.387093782424926758e-01
3.783096969127655029e-01 4.528199434280395508e-01
4.163630008697509766e-01 4.623116254806518555e-01
4.057408571243286133e-01 4.341273903846740723e-01
4.628898799419403076e-01 4.778433740139007568e-01
4.795816838741302490e-01 4.853405952453613281e-01
4.417937397956848145e-01 4.483591318130493164e-01
4.459918737411499023e-01 4.537235498428344727e-01
5.870698690414428711e-01 4.910551309585571289e-01
5.626888871192932129e-01 4.831132590770721436e-01
6.816272139549255371e-01 5.069819688796997070e-01
6.622179746627807617e-01 4.966872334480285645e-01
