3.050293922424316406e-01 6.346132755279541016e-01
3.028504252433776855e-01 6.339095234870910645e-01
3.036214113235473633e-01 6.377939581871032715e-01
3.121201395988464355e-01 6.311726570129394531e-01
3.114294111728668213e-01 6.360972523689270020e-01
4.931560456752777100e-01 4.913994967937469482e-01
4.901860952377319336e-01 5.660650134086608887e-01
4.592928886413574219e-01 4.906277656555175781e-01
5.391377806663513184e-01 5.919632911682128906e-01
4.870337247848510742e-01 5.992113351821899414e-01
4.840620458126068115e-01 6.061969399452209473e-01
4.981475472450256348e-01 4.781858921051025391e-01
4.995399415493011475e-01 5.036836862564086914e-01
6.680003404617309570e-01 5.029147863388061523e-01
6.051619052886962891e-01 5.491959452629089355e-01
6.933661699295043945e-01 5.207272171974182129e-01
6.963524818420410156e-01 5.243154168128967285e-01
