5.485478043556213379e-01 5.017411708831787109e-01
5.409595966339111328e-01 5.012441873550415039e-01
5.472741127014160156e-01 5.051782131195068359e-01
5.460450053215026855e-01 5.022664666175842285e-01
5.514194369316101074e-01 5.082702636718750000e-01
5.817408561706542969e-01 4.996686875820159912e-01
5.833038091659545898e-01 5.088727474212646484e-01
6.401816606521606445e-01 5.014113187789916992e-01
6.363774538040161133e-01 5.136542320251464844e-01
6.804136037826538086e-01 5.265866518020629883e-01
6.740069389343261719e-01 5.231086015701293945e-01
6.913628578186035156e-01 5.192047357559204102e-01
6.929136514663696289e-01 5.282029509544372559e-01
7.822806835174560547e-01 5.371849536895751953e-01
7.840671539306640625e-01 5.425826311111450195e-01
8.754595518112182617e-01 5.460423827171325684e-01
8.748587965965270996e-01 5.429089069366455078e-01
