5.055432319641113281e-01 5.119332671165466309e-01
5.138683319091796875e-01 4.936858117580413818e-01
5.080895423889160156e-01 5.147622823715209961e-01
5.427597165107727051e-01 4.736273884773254395e-01
5.318633913993835449e-01 5.112757682800292969e-01
5.634209513664245605e-01 4.568241238594055176e-01
5.552215576171875000e-01 5.156534910202026367e-01
5.604320764541625977e-01 3.869326710700988770e-01
5.184862613677978516e-01 5.320539474487304688e-01
5.690941214561462402e-01 4.063425958156585693e-01
4.813143610954284668e-01 5.279721021652221680e-01
6.269686222076416016e-01 4.631440639495849609e-01
6.292986273765563965e-01 5.004343986511230469e-01
7.327895164489746094e-01 4.954963922500610352e-01
7.220091819763183594e-01 5.033693909645080566e-01
7.247740030288696289e-01 4.928268790245056152e-01
7.247786521911621094e-01 4.965705275535583496e-01
