4.948167502880096436e-01 5.278440117835998535e-01
4.960792958736419678e-01 5.316771864891052246e-01
4.906326234340667725e-01 5.151059627532958984e-01
5.257844328880310059e-01 5.257843732833862305e-01
5.182908773422241211e-01 5.019830465316772461e-01
5.543429851531982422e-01 5.272980332374572754e-01
5.452054738998413086e-01 4.699732065200805664e-01
5.349225997924804688e-01 5.447782874107360840e-01
5.220322608947753906e-01 4.348831772804260254e-01
4.961160123348236084e-01 5.487711429595947266e-01
5.263514518737792969e-01 4.412803053855895996e-01
6.586973667144775391e-01 5.115073919296264648e-01
6.402921676635742188e-01 4.888365268707275391e-01
7.460500001907348633e-01 5.173202753067016602e-01
7.633463144302368164e-01 5.152727961540222168e-01
8.989065885543823242e-01 4.913530945777893066e-01
8.978649973869323730e-01 4.927059113979339600e-01
