5.279266834259033203e-01 4.820275008678436279e-01
5.209480524063110352e-01 4.870415329933166504e-01
5.207071900367736816e-01 4.780448377132415771e-01
5.232875347137451172e-01 4.907075762748718262e-01
5.225715637207031250e-01 4.691299200057983398e-01
5.598970651626586914e-01 4.949880838394165039e-01
5.616902112960815430e-01 4.500853419303894043e-01
6.345524787902832031e-01 5.075236558914184570e-01
6.348900794982910156e-01 4.318611621856689453e-01
6.603145599365234375e-01 5.003920793533325195e-01
6.612846851348876953e-01 4.381638765335083008e-01
6.633145809173583984e-01 4.866557121276855469e-01
6.665688753128051758e-01 4.527129530906677246e-01
7.709460258483886719e-01 4.849442839622497559e-01
7.793614268302917480e-01 4.514522254467010498e-01
8.484888076782226562e-01 4.957040250301361084e-01
8.518745303153991699e-01 4.524093568325042725e-01
