5.371700525283813477e-01 4.809909760951995850e-01
5.303851962089538574e-01 4.838386476039886475e-01
5.287892818450927734e-01 4.793508052825927734e-01
5.319895744323730469e-01 4.885080754756927490e-01
5.315033197402954102e-01 4.676687419414520264e-01
5.689212083816528320e-01 4.923807084560394287e-01
5.722830891609191895e-01 4.541607499122619629e-01
6.353123188018798828e-01 5.114098787307739258e-01
6.302332878112792969e-01 4.411818981170654297e-01
6.554731726646423340e-01 5.012485980987548828e-01
6.633883714675903320e-01 4.494067132472991943e-01
6.729342937469482422e-01 4.866555929183959961e-01
6.705061793327331543e-01 4.611171483993530273e-01
7.555064558982849121e-01 4.822542369365692139e-01
7.583438158035278320e-01 4.581488072872161865e-01
8.430802822113037109e-01 4.818452000617980957e-01
8.415383696556091309e-01 4.527771174907684326e-01
