7.298643589019775391e-01 5.710065364837646484e-01
7.287473678588867188e-01 5.662384033203125000e-01
7.271829843521118164e-01 5.684751272201538086e-01
7.257017493247985840e-01 5.589342117309570312e-01
7.169150710105895996e-01 5.622993707656860352e-01
7.150038480758666992e-01 5.442290306091308594e-01
6.978991031646728516e-01 5.655485987663269043e-01
7.641186118125915527e-01 5.316405296325683594e-01
7.473160028457641602e-01 5.492008924484252930e-01
7.258471846580505371e-01 5.511620044708251953e-01
7.242832183837890625e-01 5.558283329010009766e-01
6.453701257705688477e-01 5.222145318984985352e-01
6.206543445587158203e-01 5.519238710403442383e-01
7.672239542007446289e-01 5.436075925827026367e-01
7.618961334228515625e-01 5.597344040870666504e-01
7.447325587272644043e-01 5.553013086318969727e-01
7.396020293235778809e-01 5.609962940216064453e-01
