4.987222850322723389e-01 5.155649185180664062e-01
4.979432225227355957e-01 5.132811069488525391e-01
4.992170333862304688e-01 5.132765769958496094e-01
5.064182877540588379e-01 5.045856833457946777e-01
5.082892179489135742e-01 5.006090998649597168e-01
5.246473550796508789e-01 5.000488758087158203e-01
5.325595140457153320e-01 4.887225329875946045e-01
5.566099286079406738e-01 5.098931789398193359e-01
5.648443698883056641e-01 4.947968423366546631e-01
5.442504286766052246e-01 5.117952823638916016e-01
5.643302202224731445e-01 5.047993063926696777e-01
5.663059353828430176e-01 4.987639188766479492e-01
5.684396028518676758e-01 5.004112720489501953e-01
7.173551321029663086e-01 4.770712554454803467e-01
6.536805629730224609e-01 4.923196732997894287e-01
6.505322456359863281e-01 4.915016889572143555e-01
7.313027381896972656e-01 4.649637937545776367e-01
