5.493641495704650879e-01 5.208666324615478516e-01
5.416342020034790039e-01 5.266176462173461914e-01
5.402404069900512695e-01 5.224250555038452148e-01
5.501244068145751953e-01 5.377067327499389648e-01
5.489214658737182617e-01 5.137168765068054199e-01
5.831583142280578613e-01 5.559769868850708008e-01
5.845620632171630859e-01 5.075069665908813477e-01
6.196898221969604492e-01 5.971722006797790527e-01
6.273320913314819336e-01 5.134868025779724121e-01
6.520258188247680664e-01 6.263168454170227051e-01
5.497542619705200195e-01 5.077170729637145996e-01
7.036806941032409668e-01 5.590311884880065918e-01
7.034540176391601562e-01 5.267795920372009277e-01
7.880083322525024414e-01 5.471532344818115234e-01
7.925462126731872559e-01 5.393818616867065430e-01
8.679754734039306641e-01 5.295660495758056641e-01
8.767989873886108398e-01 5.284397602081298828e-01
