4.477681517601013184e-01 5.013116598129272461e-01
4.747978150844573975e-01 4.770778119564056396e-01
4.735977053642272949e-01 4.640555381774902344e-01
4.873753786087036133e-01 4.781267344951629639e-01
4.844194352626800537e-01 4.518606066703796387e-01
4.922195076942443848e-01 4.810077846050262451e-01
4.913439750671386719e-01 4.633402228355407715e-01
4.924288392066955566e-01 4.719734191894531250e-01
2.115434408187866211e-01 1.406185030937194824e-01
5.138401985168457031e-01 4.675599932670593262e-01
2.324943840503692627e-01 1.421373337507247925e-01
5.400816798210144043e-01 4.631799161434173584e-01
5.355427861213684082e-01 4.358754158020019531e-01
6.896592974662780762e-01 4.459750354290008545e-01
6.927086114883422852e-01 4.147570133209228516e-01
8.437014818191528320e-01 3.831520080566406250e-01
8.382403254508972168e-01 3.766949772834777832e-01
